benchmark       	| init  | unfold| normal| bdd	| zbdd	| tbdd  | cbdd  | czdd  | esr	| abdd
C432.iscas.var84	| 20	| 70	| 38	| 20	| 36	| 20    | 20    | 21    | 20	| 20
C432.iscas.var133	| 75	| 219	| 128	| 75	| 125	| 74    | 67    | 75    | 75	| 60
C432.iscas.var163	| 267	| 692	| 385	| 267	| 380	| 267   | 201   | 268   | 267	| 188
C432.iscas.var188	| 275	| 862	| 397	| 275	| 389	| 274   | 241   | 277   | 274	| 190
C432.iscas.var193	| 386	| 1048	| 544	| 386	| 519	| 386   | 305   | 396   | 357	| 277
C432.iscas.var194	| 462	| 1200	| 660	| 462	| 643	| 462   | 353   | 464   | 449	| 333
C432.iscas.var195	| 524	| 1334	| 742	| 524	| 729	| 524   | 391   | 522   | 516	| 370
C499.iscas.var211	| 5291	| 7355	| 5295	| 5291	| 5039	| 5291  | 5212  | 5037  | 5036	| 4546
C499.iscas.var212	| 5547	| 7611	| 5551	| 5547	| 5295	| 5547  | 5404  | 5293  | 5292	| 4746
C499.iscas.var213	| 5803	| 7867	| 5807	| 5803	| 5551	| 5803  | 5724  | 5549  | 5548	| 4930
C499.iscas.var214	| 6059	| 8123	| 6063	| 6059	| 5807	| 6059  | 5916  | 5805  | 5804	| 5134
C499.iscas.var215	| 6315	| 8379	| 6319	| 6315	| 6063	| 6315  | 6236  | 6061  | 6060	| 5442
C499.iscas.var216	| 6571	| 8635	| 6575	| 6571	| 6319	| 6571  | 6420  | 6317  | 6316	| 5534
C499.iscas.var217	| 6827	| 8891	| 6831	| 6827	| 6575	| 6827  | 6600  | 6573  | 6572	| 5718
C499.iscas.var218	| 7083	| 9147	| 7087	| 7083	| 6831	| 7083  | 6972  | 6829  | 6828	| 5977
C499.iscas.var219	| 7339	| 9403	| 7343	| 7339	| 7087	| 7339  | 7181  | 7085  | 7084	| 6316
C499.iscas.var220	| 7595	| 9659	| 7599	| 7595	| 7343	| 7595  | 7452  | 7341  | 7340	| 6438
C499.iscas.var221	| 7851	| 9915	| 7855	| 7851	| 7599	| 7851  | 7647  | 7597  | 7596	| 6713
C499.iscas.var222	| 8107	| 10171	| 8111	| 8107	| 7855	| 8107  | 7992  | 7853  | 7852	| 7014
C499.iscas.var223	| 8363	| 10427	| 8367	| 8363	| 8111	| 8363  | 8091  | 8109  | 8108	| 7114
C499.iscas.var224	| 8363	| 10427	| 8367	| 8363	| 8111	| 8363  | 8109  | 8109  | 8108	| 7228
C499.iscas.var225	| 8747	| 10811	| 8751	| 8747	| 8495	| 8747  | 8429  | 8493  | 8492	| 7408
C499.iscas.var226	| 8747	| 10811	| 8751	| 8747	| 8495	| 8747  | 8454  | 8493  | 8492	| 7632
C499.iscas.var227	| 8939	| 11003	| 8943	| 8939	| 8687	| 8939  | 8660  | 8685  | 8684	| 7811
C499.iscas.var228	| 9003	| 11067	| 9007	| 9003	| 8751	| 9003  | 8908  | 8749  | 8748	| 8158
C499.iscas.var229	| 9067	| 11131	| 9071	| 9067	| 8815	| 9067  | 8854  | 8813  | 8812	| 8028
C499.iscas.var230	| 9131	| 11195	| 9135	| 9131	| 8879	| 9131  | 9036  | 8877  | 8876	| 8261
C499.iscas.var231	| 9195	| 11259	| 9199	| 9195	| 8943	| 9195  | 9036  | 8941  | 8940	| 8273
C499.iscas.var232	| 9259	| 11323	| 9263	| 9259	| 9007	| 9259  | 9155  | 9005  | 9004	| 8339
C499.iscas.var233	| 9323	| 11387	| 9327	| 9323	| 9071	| 9323  | 9146  | 9069  | 9068	| 8352
C499.iscas.var234	| 9323	| 11387	| 9327	| 9323	| 9071	| 9323  | 9198  | 9069  | 9068	| 8434
C499.iscas.var235	| 9419	| 11483	| 9423	| 9419	| 9167	| 9419  | 9253  | 9165  | 9164	| 8457
C499.iscas.var236	| 9451	| 11515	| 9455	| 9451	| 9199	| 9451  | 9325  | 9197  | 9196	| 8573
C499.iscas.var237	| 9483	| 11547	| 9487	| 9483	| 9231	| 9483  | 9305  | 9229  | 9228	| 8491
C499.iscas.var238	| 9483	| 11547	| 9487	| 9483	| 9231	| 9483  | 9355  | 9229  | 9228	| 8623
C499.iscas.var239	| 9419	| 11483	| 9423	| 9419	| 9167	| 9419  | 9253  | 9165  | 9164	| 8425
C499.iscas.var240	| 9451	| 11515	| 9455	| 9451	| 9199	| 9451  | 9288  | 9197  | 9196	| 8540
C499.iscas.var241	| 9483	| 11547	| 9487	| 9483	| 9231	| 9483  | 9303  | 9229  | 9228	| 8477
C499.iscas.var242	| 9483	| 11547	| 9487	| 9483	| 9231	| 9483  | 9289  | 9229  | 9228	| 8508
C880.iscas.var404	| 274	| 876	| 412	| 274	| 410	| 274   | 261   | 275   | 277	| 263
C880.iscas.var422	| 560	| 1813	| 856	| 560	| 852	| 560   | 534   | 562   | 562	| 522
C880.iscas.var423	| 1281	| 4110	| 1835	| 1281	| 1831	| 1281  | 1234  | 1283  | 1282	| 1214
C880.iscas.var424	| 3563	| 11386	| 4911	| 3563	| 4907	| 3563  | 3372  | 3565  | 3564	| 3243
C880.iscas.var426*	| 10505	| 17379	| 14115	| 10505	| 14114	| 10505 | 8876  | 10505 | 10258	| 9104
C880.iscas.var433#	| 19264	| 52977	| 24992	| 19264	| 24988	| 19264 | 17205 | 19266 | 19260	| 16720
C880.iscas.var440*#	| 10233	| 30660	| 14131	| 10233	| 14127	| 10233 | 9476  | 10235 | 10210	| 9163
C880.iscas.var441*	| 14912	| 44564	| 20248	| 14912	| 20244	| 14912 | 13883 | 14914 | 14857	| 13492
C880.iscas.var442*#	| 10053	| 15484	| 12550	| 10053	| 12547	| 10053 | 7767  | 10055 | 10057	| 7693
C1355.iscas.var555	| 8363	| 10427	| 8367	| 8363	| 8111	| 8363  | 8091  | 8109  | 8108	| 7114
C1355.iscas.var556	| 7339	| 9403	| 7343	| 7339	| 7087	| 7339  | 7181  | 7085  | 7084	| 6316
C1355.iscas.var557	| 6315	| 8379	| 6319	| 6315	| 6063	| 6315  | 6236  | 6061  | 6060	| 5442
C1355.iscas.var558	| 5291	| 7355	| 5295	| 5291	| 5039	| 5291  | 5212  | 5037  | 5036	| 4546
C1355.iscas.var559	| 8363	| 10427	| 8367	| 8363	| 8111	| 8363  | 8109  | 8109  | 8108	| 7228
C1355.iscas.var560	| 7595	| 9659	| 7599	| 7595	| 7343	| 7595  | 7452  | 7341  | 7340	| 6438
C1355.iscas.var561	| 6571	| 8635	| 6575	| 6571	| 6319	| 6571  | 6420  | 6317  | 6316	| 5534
C1355.iscas.var562	| 5547	| 7611	| 5551	| 5547	| 5295	| 5547  | 5404  | 5293  | 5292	| 4746
C1355.iscas.var563	| 8747	| 10811	| 8751	| 8747	| 8495	| 8747  | 8429  | 8493  | 8492	| 7408
C1355.iscas.var564	| 7851	| 9915	| 7855	| 7851	| 7599	| 7851  | 7647  | 7597  | 7596	| 6713
C1355.iscas.var565	| 6827	| 8891	| 6831	| 6827	| 6575	| 6827  | 6600  | 6573  | 6572	| 5718
C1355.iscas.var566	| 5803	| 7867	| 5807	| 5803	| 5551	| 5803  | 5724  | 5549  | 5548	| 4930
C1355.iscas.var567	| 8747	| 10811	| 8751	| 8747	| 8495	| 8747  | 8454  | 8493  | 8492	| 7632
C1355.iscas.var568	| 8107	| 10171	| 8111	| 8107	| 7855	| 8107  | 7992  | 7853  | 7852	| 7014
C1355.iscas.var569	| 7083	| 9147	| 7087	| 7083	| 6831	| 7083  | 6972  | 6829  | 6828	| 5977
C1355.iscas.var570	| 6059	| 8123	| 6063	| 6059	| 5807	| 6059  | 5916  | 5805  | 5804	| 5134
C1355.iscas.var571	| 9419	| 11483	| 9423	| 9419	| 9167	| 9419  | 9253  | 9165  | 9164	| 8425
C1355.iscas.var572	| 9419	| 11483	| 9423	| 9419	| 9167	| 9419  | 9253  | 9165  | 9164	| 8457
C1355.iscas.var573	| 9195	| 11259	| 9199	| 9195	| 8943	| 9195  | 9036  | 8941  | 8940	| 8273
C1355.iscas.var574	| 8939	| 11003	| 8943	| 8939	| 8687	| 8939  | 8660  | 8685  | 8684	| 7811
C1355.iscas.var575	| 9451	| 11515	| 9455	| 9451	| 9199	| 9451  | 9288  | 9197  | 9196	| 8540
C1355.iscas.var576	| 9451	| 11515	| 9455	| 9451	| 9199	| 9451  | 9325  | 9197  | 9196	| 8573
C1355.iscas.var577	| 9259	| 11323	| 9263	| 9259	| 9007	| 9259  | 9155  | 9005  | 9004	| 8339
C1355.iscas.var578	| 9003	| 11067	| 9007	| 9003	| 8751	| 9003  | 8908  | 8749  | 8748	| 8158
C1355.iscas.var579	| 9483	| 11547	| 9487	| 9483	| 9231	| 9483  | 9303  | 9229  | 9228	| 8477
C1355.iscas.var580	| 9483	| 11547	| 9487	| 9483	| 9231	| 9483  | 9305  | 9229  | 9228	| 8491
C1355.iscas.var581	| 9323	| 11387	| 9327	| 9323	| 9071	| 9323  | 9146  | 9069  | 9068	| 8352
C1355.iscas.var582	| 9067	| 11131	| 9071	| 9067	| 8815	| 9067  | 8854  | 8813  | 8812	| 8028
C1355.iscas.var583	| 9483	| 11547	| 9487	| 9483	| 9231	| 9483  | 9289  | 9229  | 9228	| 8508
C1355.iscas.var584	| 9483	| 11547	| 9487	| 9483	| 9231	| 9483  | 9355  | 9229  | 9228	| 8623
C1355.iscas.var585	| 9323	| 11387	| 9327	| 9323	| 9071	| 9323  | 9198  | 9069  | 9068	| 8434
C1355.iscas.var586	| 9131	| 11195	| 9135	| 9131	| 8879	| 9131  | 9036  | 8877  | 8876	| 8261
C1908.iscas.var850	| 3255	| 5803	| 3333	| 3255	| 2992	| 3254  | 2597  | 2950  | 3086	| 2416
C1908.iscas.var851	| 3191	| 5547	| 3269	| 3191	| 2962	| 3190  | 2592  | 2918  | 3022	| 2300
C1908.iscas.var852	| 3191	| 5675	| 3301	| 3191	| 2987	| 3190  | 2626  | 2905  | 3051	| 2437
C1908.iscas.var853	| 3255	| 5739	| 3365	| 3255	| 3053	| 3254  | 2652  | 2971  | 3113	| 2419
C1908.iscas.var854	| 3191	| 5547	| 3301	| 3191	| 3007	| 3190  | 2620  | 2931  | 3049	| 2423
C1908.iscas.var855	| 3191	| 5547	| 3301	| 3191	| 3008	| 3190  | 2620  | 2934  | 3046	| 2410
C1908.iscas.var856	| 3607	| 6155	| 3685	| 3607	| 3343	| 3606  | 2981  | 3299  | 3441	| 2756
C1908.iscas.var857	| 3639	| 6187	| 3717	| 3639	| 3362	| 3638  | 3002  | 3321  | 3483	| 2793
C1908.iscas.var858	| 3543	| 5897	| 3623	| 3543	| 3302	| 3542  | 2966  | 3257  | 3387	| 2707
C1908.iscas.var859	| 3703	| 6249	| 3783	| 3703	| 3430	| 3702  | 3069  | 3385  | 3547	| 2872
C1908.iscas.var860	| 3607	| 5961	| 3687	| 3607	| 3368	| 3606  | 3029  | 3323  | 3449	| 2782
C1908.iscas.var861	| 3607	| 5961	| 3687	| 3607	| 3369	| 3606  | 3034  | 3324  | 3448	| 2766
C1908.iscas.var862	| 3703	| 6249	| 3783	| 3703	| 3434	| 3702  | 3056  | 3388  | 3544	| 2829
C1908.iscas.var863	| 3607	| 5961	| 3687	| 3607	| 3372	| 3606  | 3033  | 3326  | 3446	| 2714
C1908.iscas.var864	| 3607	| 5961	| 3687	| 3607	| 3373	| 3606  | 3022  | 3327  | 3445	| 2708
C1908.iscas.var865	| 3543	| 5897	| 3623	| 3543	| 3311	| 3542  | 2944  | 3265  | 3379	| 2629
C1908.iscas.var866	| 4839	| 6341	| 5029	| 4839	| 5029	| 4839  | 4029  | 4839  | 4838	| 3651
C1908.iscas.var899	| 145	| 311	| 182	| 145	| 174	| 145   | 129   | 140   | 142	| 117
C1908.iscas.var900	| 179	| 431	| 224	| 179	| 213	| 179   | 161   | 171   | 176	| 142
C1908.iscas.var901	| 101	| 268	| 138	| 101	| 128	| 101   | 94    | 95    | 94	| 84
C1908.iscas.var908	| 5731	| 8131	| 5877	| 5731	| 5873	| 5731  | 4748  | 5732  | 5732	| 4312
C1908.iscas.var909	| 8527	| 13279	| 9123	| 8527	| 9119	| 8527  | 6786  | 8527  | 8527	| 6208
C1908.iscas.var912	| 149	| 361	| 186	| 149	| 174	| 149   | 128   | 141   | 142	| 123
