benchmark name  | init	| unfo	| norm	| bdd	| zbdd	| tbdd	| cbdd	| czdd	| esr	| full
uf20-01         | 51	| 144	| 55	| 51	| 28	| 51	| 47	| 28	| 33	| 30
uf20-02         | 57	| 162	| 64	| 57	| 36	| 57	| 54	| 34	| 39	| 36
uf20-03         | 22	| 60	| 23	| 22	| 17	| 22	| 21	| 17	| 8 	| 8
uf20-04         | 25	| 69	| 27	| 25	| 12	| 24	| 23	| 12	| 18	| 17
uf20-05         | 21	| 58	| 23	| 21	| 12	| 21	| 20	| 12	| 14	| 14
uf20-06         | 20	| 55	| 22	| 20	| 15	| 20	| 20	| 14	| 11	| 11
uf20-07         | 60	| 168	| 66	| 60	| 39	| 60	| 56	| 39	| 40	| 39
uf20-08         | 37	| 106	| 40	| 37	| 15	| 36	| 35	| 15	| 27	| 27
uf20-09         | 22	| 60	| 23	| 22	| 14	| 21	| 21	| 14	| 10	| 10
uf20-010        | 61	| 171	| 65	| 61	| 44	| 60	| 56	| 44	| 30	| 29
uf20-011        | 75	| 211	| 85	| 75	| 50	| 74	| 67	| 48	| 48	| 46
uf20-012        | 110	| 301	| 120	| 110	| 69	| 109	| 97	| 67	| 79	| 72
uf20-013        | 35	| 97	| 37	| 35	| 16	| 35	| 32	| 16	| 25	| 25
uf20-014        | 33	| 94	| 36	| 33	| 19	| 33	| 33	| 18	| 21	| 20
uf20-015        | 62	| 170	| 66	| 62	| 38	| 61	| 58	| 36	| 39	| 36
uf20-016        | 45	| 123	| 47	| 45	| 31	| 44	| 40	| 31	| 20	| 20
uf20-017        | 43	| 121	| 45	| 43	| 31	| 43	| 40	| 30	| 19	| 19
uf20-018        | 22	| 60	| 23	| 22	| 16	| 22	| 21	| 16	| 9 	| 9
uf20-019        | 21	| 58	| 23	| 21	| 14	| 20	| 20	| 14	| 12	| 12
uf20-020        | 50	| 142	| 54	| 50	| 27	| 49	| 47	| 25	| 32	| 31
uf20-021        | 35	| 97	| 36	| 35	| 21	| 34	| 33	| 21	| 17	| 17
uf20-022        | 38	| 108	| 41	| 38	| 18	| 37	| 37	| 18	| 25	| 25
uf20-023        | 58	| 165	| 62	| 58	| 31	| 57	| 53	| 30	| 39	| 38
uf20-024        | 40	| 112	| 41	| 40	| 25	| 40	| 39	| 25	| 18	| 18
uf20-025        | 22	| 60	| 23	| 22	| 18	| 22	| 21	| 18	| 7 	| 7
uf20-026        | 21	| 58	| 23	| 21	| 13	| 20	| 20	| 12	| 13	| 13
uf20-027        | 43	| 121	| 48	| 43	| 31	| 42	| 39	| 31	| 25	| 25
uf20-028        | 24	| 67	| 27	| 24	| 15	| 24	| 22	| 15	| 16	| 16
uf20-029        | 22	| 60	| 23	| 22	| 6 	| 22	| 21	| 6 	| 19	| 19
uf20-030        | 70	| 202	| 79	| 70	| 55	| 70	| 64	| 49	| 40	| 40
uf20-031        | 22	| 60	| 23	| 22	| 12	| 21	| 21	| 12	| 12	| 12
uf20-032        | 22	| 60	| 23	| 22	| 11	| 22	| 21	| 11	| 14	| 14
uf20-033        | 27	| 76	| 32	| 27	| 18	| 27	| 25	| 17	| 23	| 22
uf20-034        | 89	| 256	| 100	| 89	| 69	| 88	| 82	| 65	| 53	| 49
uf20-035        | 37	| 105	| 40	| 37	| 20	| 36	| 36	| 19	| 24	| 24
uf20-036        | 47	| 133	| 49	| 47	| 29	| 46	| 44	| 29	| 23	| 22
uf20-037        | 22	| 60	| 23	| 22	| 13	| 22	| 21	| 13	| 12	| 12
uf20-038        | 96	| 263	| 106	| 96	| 62	| 96	| 86	| 62	| 67	| 63
uf20-039        | 32	| 90	| 34	| 32	| 21	| 32	| 30	| 21	| 17	| 17
uf20-040        | 25	| 69	| 27	| 25	| 15	| 24	| 23	| 15	| 15	| 14
uf20-041        | 22	| 60	| 23	| 22	| 15	| 22	| 21	| 15	| 10	| 10
uf20-042        | 20	| 55	| 22	| 20	| 14	| 19	| 19	| 13	| 12	| 12
uf20-043        | 21	| 58	| 23	| 21	| 15	| 21	| 20	| 15	| 10	| 10
uf20-044        | 30	| 84	| 34	| 30	| 18	| 30	| 28	| 18	| 20	| 20
uf20-045        | 49	| 139	| 52	| 49	| 30	| 49	| 46	| 30	| 28	| 28
uf20-046        | 109	| 303	| 112	| 109	| 58	| 108	| 101	| 57	| 66	| 64
uf20-047        | 19	| 53	| 22	| 19	| 14	| 18	| 18	| 13	| 11	| 11
uf20-048        | 22	| 60	| 23	| 22	| 13	| 21	| 21	| 13	| 12	| 12
uf20-049        | 21	| 58	| 23	| 21	| 10	| 20	| 20	| 10	| 15	| 15
uf20-050        | 22	| 60	| 23	| 22	| 12	| 22	| 21	| 12	| 13	| 13
uf20-051        | 31	| 85	| 33	| 31	| 20	| 31	| 28	| 20	| 18	| 18
uf20-052        | 45	| 126	| 48	| 45	| 27	| 45	| 43	| 26	| 27	| 27
uf20-053        | 21	| 58	| 23	| 21	| 11	| 20	| 20	| 10	| 14	| 14
uf20-054        | 33	| 94	| 40	| 33	| 25	| 33	| 30	| 24	| 25	| 23
uf20-055        | 47	| 127	| 51	| 47	| 28	| 47	| 42	| 28	| 32	| 31
uf20-056        | 62	| 180	| 69	| 62	| 45	| 62	| 59	| 42	| 36	| 35
uf20-057        | 56	| 154	| 59	| 56	| 37	| 56	| 50	| 36	| 31	| 28
uf20-058        | 44	| 123	| 49	| 44	| 29	| 44	| 40	| 29	| 26	| 25
uf20-059        | 22	| 60	| 23	| 22	| 11	| 22	| 21	| 11	| 14	| 14
uf20-060        | 29	| 81	| 32	| 29	| 22	| 28	| 28	| 22	| 14	| 14
uf20-061        | 22	| 60	| 23	| 22	| 13	| 22	| 21	| 13	| 12	| 12
uf20-062        | 72	| 197	| 78	| 72	| 32	| 71	| 62	| 32	| 56	| 50
uf20-063        | 64	| 178	| 67	| 64	| 44	| 63	| 58	| 43	| 32	| 31
uf20-064        | 44	| 118	| 45	| 44	| 27	| 43	| 39	| 27	| 23	| 23
uf20-065        | 29	| 81	| 32	| 29	| 16	| 28	| 27	| 15	| 21	| 20
uf20-066        | 56	| 156	| 58	| 56	| 38	| 56	| 51	| 38	| 27	| 24
uf20-067        | 93	| 263	| 99	| 93	| 61	| 92	| 84	| 61	| 53	| 52
uf20-068        | 37	| 106	| 40	| 37	| 22	| 37	| 37	| 21	| 22	| 22
uf20-069        | 21	| 57	| 22	| 21	| 11	| 20	| 20	| 11	| 13	| 13
uf20-070        | 97	| 255	| 100	| 97	| 57	| 97	| 85	| 56	| 63	| 56
uf20-071        | 67	| 186	| 70	| 67	| 32	| 67	| 60	| 32	| 47	| 45
uf20-072        | 23	| 64	| 26	| 23	| 12	| 23	| 21	| 12	| 18	| 17
uf20-073        | 21	| 58	| 23	| 21	| 15	| 21	| 20	| 15	| 11	| 11
uf20-074        | 22	| 60	| 23	| 22	| 10	| 21	| 21	| 10	| 15	| 15
uf20-075        | 45	| 126	| 49	| 45	| 26	| 44	| 41	| 26	| 31	| 28
uf20-076        | 22	| 60	| 23	| 22	| 12	| 22	| 21	| 12	| 13	| 13
uf20-077        | 40	| 115	| 44	| 40	| 24	| 40	| 38	| 23	| 24	| 23
uf20-078        | 24	| 67	| 27	| 24	| 18	| 24	| 23	| 17	| 13	| 13
uf20-079        | 141	| 388	| 150	| 141	| 92	| 140	| 123	| 92	| 85	| 79
uf20-080        | 61	| 169	| 67	| 61	| 48	| 61	| 56	| 46	| 34	| 31
uf20-081        | 21	| 58	| 23	| 21	| 12	| 20	| 20	| 12	| 12	| 12
uf20-082        | 50	| 132	| 52	| 50	| 32	| 50	| 45	| 32	| 30	| 28
uf20-083        | 48	| 133	| 51	| 48	| 26	| 48	| 45	| 26	| 32	| 32
uf20-084        | 19	| 54	| 23	| 19	| 16	| 19	| 18	| 16	| 12	| 12
uf20-085        | 21	| 58	| 23	| 21	| 16	| 21	| 20	| 15	| 10	| 10
uf20-086        | 58	| 156	| 59	| 58	| 30	| 57	| 52	| 30	| 34	| 34
uf20-087        | 52	| 150	| 57	| 52	| 31	| 52	| 50	| 30	| 31	| 31
uf20-088        | 80	| 219	| 84	| 80	| 47	| 79	| 71	| 47	| 48	| 44
uf20-089        | 30	| 86	| 36	| 30	| 17	| 30	| 28	| 17	| 23	| 23
uf20-090        | 71	| 200	| 74	| 71	| 41	| 71	| 68	| 41	| 38	| 37
uf20-091        | 22	| 60	| 23	| 22	| 10	| 22	| 21	| 10	| 15	| 15
uf20-092        | 20	| 56	| 23	| 20	| 15	| 19	| 19	| 13	| 11	| 11
uf20-093        | 39	| 108	| 41	| 39	| 20	| 38	| 36	| 20	| 25	| 25
uf20-094        | 21	| 58	| 23	| 21	| 13	| 20	| 20	| 12	| 12	| 12
uf20-095        | 37	| 105	| 39	| 37	| 28	| 37	| 36	| 27	| 14	| 14
uf20-096        | 22	| 60	| 23	| 22	| 11	| 21	| 21	| 11	| 13	| 13
uf20-097        | 37	| 104	| 40	| 37	| 17	| 36	| 35	| 17	| 27	| 26
uf20-098        | 35	| 96	| 37	| 35	| 23	| 35	| 32	| 23	| 19	| 18
uf20-099        | 55	| 154	| 58	| 55	| 25	| 54	| 52	| 24	| 39	| 39
uf20-0100       | 49	| 139	| 51	| 49	| 36	| 49	| 47	| 35	| 20	| 19
uf20-0101       | 22	| 60	| 24	| 22	| 14	| 22	| 20	| 14	| 14	| 14
uf20-0102       | 27	| 76	| 30	| 27	| 21	| 26	| 25	| 20	| 14	| 14
uf20-0103       | 22	| 60	| 23	| 22	| 14	| 21	| 21	| 14	| 11	| 11
uf20-0104       | 69	| 189	| 77	| 69	| 44	| 69	| 60	| 43	| 51	| 44
uf20-0105       | 22	| 60	| 23	| 22	| 11	| 22	| 21	| 11	| 14	| 14
uf20-0106       | 22	| 60	| 23	| 22	| 12	| 22	| 21	| 12	| 13	| 13
uf20-0107       | 22	| 60	| 23	| 22	| 14	| 22	| 21	| 14	| 11	| 11
uf20-0108       | 37	| 106	| 40	| 37	| 25	| 37	| 36	| 24	| 20	| 20
uf20-0109       | 21	| 58	| 23	| 21	| 11	| 20	| 20	| 11	| 14	| 14
uf20-0110       | 113	| 310	| 121	| 113	| 75	| 113	| 98	| 74	| 72	| 68
uf20-0111       | 58	| 171	| 66	| 58	| 42	| 58	| 56	| 42	| 35	| 35
uf20-0112       | 32	| 90	| 35	| 32	| 26	| 31	| 29	| 25	| 15	| 15
uf20-0113       | 22	| 60	| 23	| 22	| 13	| 21	| 21	| 13	| 12	| 12
uf20-0114       | 64	| 176	| 67	| 64	| 37	| 64	| 59	| 36	| 40	| 39
uf20-0115       | 44	| 120	| 47	| 44	| 20	| 43	| 40	| 20	| 33	| 31
uf20-0116       | 40	| 111	| 42	| 40	| 23	| 39	| 38	| 23	| 21	| 21
uf20-0117       | 21	| 57	| 22	| 21	| 12	| 20	| 20	| 12	| 12	| 12
uf20-0118       | 73	| 180	| 78	| 73	| 52	| 72	| 61	| 52	| 52	| 48
uf20-0119       | 23	| 63	| 25	| 23	| 11	| 22	| 21	| 11	| 16	| 15
uf20-0120       | 52	| 143	| 57	| 52	| 36	| 51	| 47	| 35	| 32	| 32
uf20-0121       | 36	| 102	| 40	| 36	| 25	| 36	| 34	| 24	| 21	| 21
uf20-0122       | 23	| 63	| 25	| 23	| 19	| 23	| 22	| 19	| 10	| 10
uf20-0123       | 21	| 57	| 22	| 21	| 14	| 20	| 20	| 14	| 10	| 10
uf20-0124       | 151	| 429	| 166	| 151	| 105	| 151	| 138	| 102	| 94	| 90
uf20-0125       | 43	| 124	| 48	| 43	| 32	| 43	| 40	| 28	| 25	| 24
uf20-0126       | 49	| 139	| 52	| 49	| 27	| 49	| 46	| 27	| 30	| 30
uf20-0127       | 61	| 176	| 70	| 61	| 43	| 61	| 55	| 41	| 43	| 41
uf20-0128       | 37	| 103	| 40	| 37	| 28	| 37	| 35	| 26	| 19	| 19
uf20-0129       | 46	| 131	| 50	| 46	| 28	| 46	| 44	| 28	| 27	| 25
uf20-0130       | 30	| 85	| 32	| 30	| 13	| 30	| 28	| 13	| 24	| 23
uf20-0131       | 238	| 645	| 259	| 238	| 165	| 237	| 205	| 158	| 159	| 143
uf20-0132       | 22	| 60	| 23	| 22	| 15	| 21	| 21	| 15	| 10	| 10
uf20-0133       | 43	| 122	| 46	| 43	| 28	| 43	| 41	| 27	| 23	| 23
uf20-0134       | 72	| 202	| 78	| 72	| 51	| 71	| 65	| 48	| 40	| 38
uf20-0135       | 21	| 58	| 23	| 21	| 15	| 21	| 20	| 15	| 11	| 11
uf20-0136       | 34	| 94	| 37	| 34	| 28	| 34	| 31	| 26	| 15	| 15
uf20-0137       | 135	| 379	| 149	| 135	| 66	| 134	| 122	| 64	| 110	| 103
uf20-0138       | 23	| 63	| 25	| 23	| 15	| 22	| 21	| 15	| 14	| 14
uf20-0139       | 68	| 195	| 74	| 68	| 31	| 68	| 62	| 29	| 54	| 50
uf20-0140       | 53	| 150	| 56	| 53	| 33	| 52	| 51	| 31	| 27	| 26
uf20-0141       | 22	| 60	| 23	| 22	| 12	| 22	| 21	| 12	| 13	| 13
uf20-0142       | 91	| 257	| 95	| 91	| 61	| 90	| 83	| 61	| 45	| 42
uf20-0143       | 94	| 260	| 102	| 94	| 69	| 94	| 83	| 69	| 60	| 55
uf20-0144       | 87	| 245	| 97	| 87	| 49	| 86	| 79	| 47	| 64	| 62
uf20-0145       | 23	| 66	| 28	| 23	| 17	| 22	| 21	| 17	| 16	| 16
uf20-0146       | 41	| 114	| 43	| 41	| 25	| 40	| 37	| 25	| 24	| 23
uf20-0147       | 21	| 58	| 23	| 21	| 14	| 20	| 20	| 13	| 11	| 11
uf20-0148       | 38	| 107	| 40	| 38	| 23	| 38	| 36	| 23	| 21	| 21
uf20-0149       | 40	| 118	| 48	| 40	| 26	| 39	| 38	| 26	| 29	| 29
uf20-0150       | 53	| 149	| 56	| 53	| 28	| 53	| 50	| 28	| 36	| 36
uf20-0151       | 49	| 135	| 52	| 49	| 37	| 49	| 47	| 37	| 20	| 20
uf20-0152       | 64	| 182	| 69	| 64	| 36	| 63	| 62	| 35	| 42	| 42
uf20-0153       | 125	| 338	| 138	| 125	| 86	| 124	| 102	| 84	| 85	| 73
uf20-0154       | 22	| 60	| 23	| 22	| 15	| 21	| 21	| 15	| 9 	| 9
uf20-0155       | 70	| 198	| 77	| 70	| 51	| 70	| 61	| 51	| 40	| 39
uf20-0156       | 67	| 189	| 70	| 67	| 31	| 66	| 62	| 31	| 44	| 43
uf20-0157       | 23	| 65	| 27	| 23	| 13	| 22	| 21	| 13	| 16	| 16
uf20-0158       | 81	| 222	| 85	| 81	| 46	| 81	| 75	| 46	| 51	| 47
uf20-0159       | 31	| 88	| 35	| 31	| 23	| 31	| 28	| 23	| 19	| 19
uf20-0160       | 35	| 97	| 36	| 35	| 23	| 35	| 33	| 23	| 16	| 16
uf20-0161       | 30	| 85	| 35	| 30	| 21	| 29	| 27	| 21	| 20	| 19
uf20-0162       | 95	| 249	| 102	| 95	| 73	| 95	| 80	| 71	| 55	| 50
uf20-0163       | 58	| 169	| 63	| 58	| 41	| 58	| 55	| 40	| 30	| 30
uf20-0164       | 146	| 399	| 153	| 146	| 79	| 145	| 133	| 75	| 100	| 93
uf20-0165       | 74	| 204	| 82	| 74	| 58	| 73	| 67	| 53	| 43	| 42
uf20-0166       | 20	| 56	| 23	| 20	| 15	| 20	| 19	| 14	| 11	| 11
uf20-0167       | 21	| 58	| 23	| 21	| 12	| 20	| 20	| 11	| 13	| 13
uf20-0168       | 51	| 141	| 52	| 51	| 27	| 50	| 48	| 27	| 29	| 28
uf20-0169       | 48	| 131	| 52	| 48	| 33	| 47	| 42	| 33	| 29	| 29
uf20-0170       | 27	| 74	| 30	| 27	| 20	| 26	| 24	| 19	| 16	| 16
uf20-0171       | 62	| 172	| 65	| 62	| 42	| 62	| 56	| 41	| 33	| 32
uf20-0172       | 22	| 60	| 23	| 22	| 11	| 22	| 21	| 11	| 14	| 14
uf20-0173       | 47	| 128	| 49	| 47	| 22	| 46	| 43	| 22	| 31	| 31
uf20-0174       | 30	| 85	| 33	| 30	| 20	| 30	| 29	| 19	| 18	| 17
uf20-0175       | 32	| 90	| 35	| 32	| 22	| 32	| 31	| 21	| 18	| 18
uf20-0176       | 22	| 60	| 23	| 22	| 9 	| 22	| 21	| 9 	| 16	| 16
uf20-0177       | 25	| 69	| 27	| 25	| 15	| 25	| 23	| 15	| 15	| 15
uf20-0178       | 19	| 53	| 22	| 19	| 11	| 19	| 18	| 11	| 14	| 14
uf20-0179       | 29	| 81	| 33	| 29	| 21	| 29	| 27	| 21	| 18	| 18
uf20-0180       | 21	| 58	| 23	| 21	| 14	| 21	| 20	| 13	| 12	| 12
uf20-0181       | 53	| 147	| 57	| 53	| 36	| 52	| 46	| 35	| 31	| 31
uf20-0182       | 40	| 110	| 43	| 40	| 26	| 39	| 37	| 25	| 24	| 23
uf20-0183       | 37	| 105	| 39	| 37	| 19	| 36	| 35	| 18	| 24	| 24
uf20-0184       | 44	| 125	| 47	| 44	| 29	| 43	| 41	| 29	| 25	| 25
uf20-0185       | 22	| 60	| 23	| 22	| 14	| 21	| 21	| 14	| 11	| 11
uf20-0186       | 49	| 138	| 52	| 49	| 36	| 48	| 45	| 35	| 22	| 22
uf20-0187       | 74	| 210	| 80	| 74	| 33	| 73	| 68	| 32	| 58	| 54
uf20-0188       | 45	| 127	| 48	| 45	| 26	| 44	| 43	| 24	| 28	| 27
uf20-0189       | 55	| 156	| 59	| 55	| 30	| 54	| 52	| 30	| 35	| 35
uf20-0190       | 102	| 281	| 108	| 102	| 75	| 101	| 91	| 74	| 50	| 48
uf20-0191       | 21	| 58	| 23	| 21	| 14	| 21	| 20	| 14	| 11	| 11
uf20-0192       | 21	| 58	| 23	| 21	| 10	| 21	| 20	| 10	| 15	| 15
uf20-0193       | 21	| 58	| 23	| 21	| 13	| 21	| 20	| 13	| 13	| 13
uf20-0194       | 64	| 184	| 71	| 64	| 34	| 64	| 59	| 33	| 49	| 47
uf20-0195       | 76	| 210	| 79	| 76	| 56	| 76	| 67	| 56	| 40	| 38
uf20-0196       | 49	| 139	| 51	| 49	| 28	| 49	| 47	| 27	| 27	| 27
uf20-0197       | 22	| 60	| 23	| 22	| 14	| 22	| 21	| 14	| 11	| 11
uf20-0198       | 23	| 63	| 25	| 23	| 14	| 23	| 22	| 14	| 15	| 15
uf20-0199       | 19	| 54	| 23	| 19	| 16	| 19	| 18	| 14	| 12	| 12
uf20-0200       | 48	| 130	| 50	| 48	| 24	| 48	| 43	| 24	| 33	| 29
uf20-0201       | 21	| 58	| 24	| 21	| 13	| 20	| 20	| 13	| 14	| 14
uf20-0202       | 36	| 101	| 39	| 36	| 22	| 36	| 33	| 21	| 23	| 22
uf20-0203       | 21	| 58	| 23	| 21	| 11	| 20	| 20	| 11	| 14	| 14
uf20-0204       | 36	| 101	| 39	| 36	| 23	| 35	| 34	| 22	| 21	| 21
uf20-0205       | 42	| 122	| 48	| 42	| 32	| 41	| 39	| 31	| 24	| 23
uf20-0206       | 63	| 180	| 68	| 63	| 48	| 62	| 60	| 46	| 26	| 26
uf20-0207       | 21	| 58	| 23	| 21	| 12	| 20	| 20	| 11	| 14	| 14
uf20-0208       | 66	| 177	| 72	| 66	| 43	| 65	| 56	| 43	| 46	| 40
uf20-0209       | 21	| 58	| 23	| 21	| 13	| 20	| 20	| 13	| 13	| 13
uf20-0210       | 150	| 410	| 162	| 150	| 89	| 150	| 131	| 87	| 110	| 100
uf20-0211       | 44	| 125	| 49	| 44	| 28	| 44	| 42	| 28	| 26	| 25
uf20-0212       | 76	| 218	| 82	| 76	| 38	| 75	| 70	| 38	| 54	| 50
uf20-0213       | 32	| 91	| 35	| 32	| 16	| 31	| 30	| 16	| 22	| 22
uf20-0214       | 22	| 60	| 23	| 22	| 16	| 22	| 21	| 16	| 9 	| 9
uf20-0215       | 104	| 284	| 110	| 104	| 57	| 103	| 93	| 56	| 70	| 68
uf20-0216       | 20	| 55	| 22	| 20	| 15	| 19	| 19	| 14	| 10	| 10
uf20-0217       | 60	| 171	| 65	| 60	| 45	| 60	| 56	| 44	| 30	| 28
uf20-0218       | 76	| 206	| 85	| 76	| 61	| 76	| 68	| 59	| 48	| 43
uf20-0219       | 22	| 60	| 23	| 22	| 10	| 21	| 21	| 10	| 14	| 14
uf20-0220       | 37	| 105	| 41	| 37	| 21	| 36	| 34	| 19	| 27	| 27
uf20-0221       | 26	| 68	| 28	| 26	| 21	| 26	| 23	| 21	| 13	| 13
uf20-0222       | 38	| 108	| 40	| 38	| 26	| 38	| 37	| 26	| 16	| 16
uf20-0223       | 29	| 77	| 30	| 29	| 17	| 29	| 26	| 17	| 17	| 16
uf20-0224       | 21	| 58	| 23	| 21	| 11	| 21	| 20	| 10	| 15	| 15
uf20-0225       | 34	| 96	| 36	| 34	| 9 	| 33	| 33	| 9 	| 29	| 29
uf20-0226       | 102	| 291	| 112	| 102	| 69	| 102	| 97	| 65	| 64	| 60
uf20-0227       | 61	| 174	| 64	| 61	| 37	| 61	| 59	| 36	| 33	| 33
uf20-0228       | 36	| 98	| 37	| 36	| 23	| 35	| 34	| 23	| 18	| 17
uf20-0229       | 77	| 219	| 84	| 77	| 57	| 77	| 70	| 56	| 40	| 39
uf20-0230       | 105	| 298	| 112	| 105	| 57	| 104	| 100	| 55	| 69	| 67
uf20-0231       | 22	| 60	| 23	| 22	| 14	| 22	| 21	| 14	| 11	| 11
uf20-0232       | 21	| 58	| 23	| 21	| 14	| 20	| 20	| 14	| 12	| 12
uf20-0233       | 40	| 110	| 43	| 40	| 28	| 40	| 37	| 28	| 23	| 21
uf20-0234       | 28	| 79	| 31	| 28	| 21	| 28	| 26	| 21	| 15	| 15
uf20-0235       | 40	| 110	| 43	| 40	| 32	| 40	| 37	| 31	| 19	| 18
uf20-0236       | 21	| 58	| 23	| 21	| 16	| 21	| 20	| 15	| 10	| 10
uf20-0237       | 67	| 194	| 74	| 67	| 40	| 66	| 64	| 40	| 42	| 41
uf20-0238       | 20	| 56	| 23	| 20	| 11	| 19	| 19	| 11	| 14	| 14
uf20-0239       | 48	| 135	| 51	| 48	| 28	| 47	| 44	| 28	| 28	| 27
uf20-0240       | 29	| 83	| 33	| 29	| 20	| 29	| 27	| 19	| 17	| 17
uf20-0241       | 52	| 144	| 56	| 52	| 29	| 52	| 47	| 28	| 37	| 34
uf20-0242       | 69	| 203	| 75	| 69	| 49	| 69	| 66	| 45	| 41	| 39
uf20-0243       | 41	| 111	| 43	| 41	| 21	| 41	| 36	| 21	| 29	| 25
uf20-0244       | 35	| 100	| 38	| 35	| 24	| 34	| 33	| 23	| 18	| 17
uf20-0245       | 21	| 58	| 23	| 21	| 8 	| 20	| 20	| 8 	| 18	| 18
uf20-0246       | 40	| 117	| 48	| 40	| 25	| 40	| 38	| 23	| 34	| 34
uf20-0247       | 22	| 60	| 23	| 22	| 15	| 22	| 21	| 15	| 10	| 10
uf20-0248       | 22	| 60	| 23	| 22	| 15	| 22	| 21	| 15	| 10	| 10
uf20-0249       | 39	| 105	| 41	| 39	| 28	| 39	| 34	| 28	| 20	| 19
uf20-0250       | 66	| 180	| 71	| 66	| 53	| 66	| 57	| 50	| 35	| 34
uf20-0251       | 35	| 99	| 37	| 35	| 27	| 34	| 33	| 26	| 14	| 14
uf20-0252       | 49	| 133	| 54	| 49	| 30	| 48	| 43	| 30	| 31	| 31
uf20-0253       | 25	| 69	| 27	| 25	| 18	| 25	| 23	| 18	| 13	| 12
uf20-0254       | 78	| 222	| 81	| 78	| 51	| 77	| 73	| 49	| 39	| 38
uf20-0255       | 24	| 67	| 28	| 24	| 18	| 23	| 23	| 16	| 17	| 17
uf20-0256       | 88	| 248	| 97	| 88	| 56	| 87	| 82	| 52	| 58	| 56
uf20-0257       | 19	| 54	| 23	| 19	| 11	| 19	| 19	| 11	| 16	| 16
uf20-0258       | 74	| 210	| 79	| 74	| 36	| 73	| 68	| 36	| 50	| 49
uf20-0259       | 39	| 108	| 44	| 39	| 35	| 38	| 36	| 31	| 19	| 18
uf20-0260       | 22	| 60	| 23	| 22	| 8 	| 21	| 21	| 8 	| 16	| 16
uf20-0261       | 27	| 76	| 30	| 27	| 18	| 27	| 26	| 18	| 16	| 16
uf20-0262       | 30	| 82	| 31	| 30	| 15	| 30	| 28	| 15	| 19	| 19
uf20-0263       | 40	| 111	| 42	| 40	| 20	| 39	| 38	| 20	| 23	| 23
uf20-0264       | 32	| 90	| 34	| 32	| 23	| 32	| 30	| 23	| 15	| 14
uf20-0265       | 69	| 198	| 73	| 69	| 50	| 69	| 67	| 48	| 30	| 29
uf20-0266       | 36	| 98	| 37	| 36	| 21	| 35	| 33	| 21	| 20	| 20
uf20-0267       | 53	| 149	| 56	| 53	| 34	| 52	| 50	| 33	| 27	| 26
uf20-0268       | 95	| 268	| 103	| 95	| 72	| 95	| 90	| 68	| 53	| 49
uf20-0269       | 100	| 286	| 108	| 100	| 67	| 99	| 93	| 65	| 55	| 54
uf20-0270       | 22	| 60	| 23	| 22	| 16	| 22	| 21	| 16	| 9 	| 9
uf20-0271       | 115	| 319	| 121	| 115	| 68	| 114	| 104	| 66	| 71	| 69
uf20-0272       | 49	| 136	| 52	| 49	| 26	| 49	| 45	| 26	| 34	| 32
uf20-0273       | 91	| 255	| 96	| 91	| 59	| 90	| 85	| 58	| 49	| 46
uf20-0274       | 46	| 132	| 49	| 46	| 30	| 46	| 44	| 29	| 23	| 23
uf20-0275       | 287	| 756	| 307	| 287	| 216	| 287	| 242	| 206	| 177	| 160
uf20-0276       | 77	| 220	| 82	| 77	| 52	| 77	| 72	| 52	| 42	| 42
uf20-0277       | 36	| 96	| 39	| 36	| 22	| 36	| 30	| 22	| 26	| 26
uf20-0278       | 21	| 58	| 23	| 21	| 7 	| 20	| 20	| 7 	| 18	| 18
uf20-0279       | 26	| 71	| 28	| 26	| 18	| 25	| 24	| 18	| 14	| 14
uf20-0280       | 55	| 155	| 56	| 55	| 34	| 55	| 53	| 34	| 25	| 25
uf20-0281       | 97	| 265	| 106	| 97	| 76	| 97	| 85	| 73	| 59	| 57
uf20-0282       | 21	| 58	| 24	| 21	| 14	| 21	| 21	| 13	| 14	| 14
uf20-0283       | 108	| 308	| 113	| 108	| 74	| 108	| 100	| 74	| 52	| 50
uf20-0284       | 44	| 123	| 47	| 44	| 25	| 43	| 40	| 25	| 28	| 28
uf20-0285       | 32	| 89	| 34	| 32	| 17	| 31	| 30	| 17	| 21	| 21
uf20-0286       | 21	| 58	| 23	| 21	| 14	| 21	| 20	| 14	| 11	| 11
uf20-0287       | 21	| 58	| 23	| 21	| 13	| 21	| 20	| 13	| 12	| 12
uf20-0288       | 31	| 89	| 35	| 31	| 21	| 30	| 29	| 19	| 18	| 18
uf20-0289       | 31	| 83	| 32	| 31	| 19	| 30	| 28	| 19	| 16	| 16
uf20-0290       | 22	| 60	| 23	| 22	| 12	| 21	| 21	| 12	| 13	| 13
uf20-0291       | 54	| 154	| 59	| 54	| 46	| 54	| 52	| 44	| 23	| 22
uf20-0292       | 38	| 106	| 42	| 38	| 29	| 38	| 36	| 29	| 18	| 18
uf20-0293       | 60	| 169	| 68	| 60	| 50	| 60	| 53	| 47	| 36	| 34
uf20-0294       | 20	| 55	| 22	| 20	| 13	| 20	| 19	| 13	| 12	| 12
uf20-0295       | 21	| 58	| 23	| 21	| 13	| 21	| 20	| 13	| 13	| 13
uf20-0296       | 77	| 213	| 80	| 77	| 47	| 76	| 69	| 47	| 43	| 42
uf20-0297       | 42	| 119	| 45	| 42	| 19	| 42	| 40	| 19	| 31	| 31
uf20-0298       | 36	| 101	| 39	| 36	| 24	| 36	| 34	| 23	| 20	| 20
uf20-0299       | 48	| 138	| 51	| 48	| 20	| 48	| 46	| 20	| 35	| 35
uf20-0300       | 33	| 94	| 37	| 33	| 22	| 32	| 31	| 20	| 22	| 22
uf20-0301       | 22	| 60	| 23	| 22	| 11	| 22	| 21	| 11	| 14	| 14
uf20-0302       | 50	| 143	| 55	| 50	| 34	| 50	| 47	| 34	| 29	| 28
uf20-0303       | 23	| 63	| 25	| 23	| 14	| 23	| 22	| 14	| 15	| 14
uf20-0304       | 35	| 102	| 41	| 35	| 27	| 34	| 34	| 25	| 21	| 21
uf20-0305       | 49	| 137	| 53	| 49	| 30	| 48	| 43	| 30	| 31	| 30
uf20-0306       | 37	| 108	| 42	| 37	| 16	| 36	| 36	| 16	| 28	| 28
uf20-0307       | 64	| 179	| 73	| 64	| 45	| 64	| 58	| 45	| 43	| 41
uf20-0308       | 33	| 89	| 35	| 33	| 20	| 32	| 29	| 20	| 18	| 18
uf20-0309       | 150	| 412	| 161	| 150	| 99	| 149	| 127	| 98	| 92	| 83
uf20-0310       | 24	| 66	| 26	| 24	| 15	| 23	| 22	| 15	| 13	| 13
uf20-0311       | 65	| 182	| 67	| 65	| 46	| 64	| 61	| 46	| 25	| 25
uf20-0312       | 22	| 60	| 23	| 22	| 10	| 21	| 21	| 10	| 14	| 14
uf20-0313       | 39	| 107	| 40	| 39	| 24	| 39	| 36	| 24	| 20	| 20
uf20-0314       | 64	| 183	| 71	| 64	| 43	| 64	| 61	| 43	| 36	| 35
uf20-0315       | 30	| 80	| 33	| 30	| 19	| 30	| 26	| 19	| 21	| 20
uf20-0316       | 34	| 96	| 36	| 34	| 16	| 33	| 33	| 16	| 22	| 22
uf20-0317       | 38	| 107	| 42	| 38	| 20	| 37	| 36	| 19	| 26	| 26
uf20-0318       | 49	| 137	| 52	| 49	| 32	| 48	| 45	| 31	| 27	| 26
uf20-0319       | 60	| 167	| 62	| 60	| 36	| 59	| 56	| 36	| 30	| 29
uf20-0320       | 27	| 77	| 32	| 27	| 21	| 27	| 26	| 20	| 19	| 19
uf20-0321       | 35	| 97	| 37	| 35	| 22	| 34	| 32	| 21	| 19	| 19
uf20-0322       | 22	| 60	| 23	| 22	| 14	| 21	| 21	| 14	| 10	| 10
uf20-0323       | 57	| 161	| 60	| 57	| 39	| 57	| 54	| 38	| 27	| 27
uf20-0324       | 38	| 108	| 40	| 38	| 22	| 38	| 37	| 22	| 22	| 22
uf20-0325       | 58	| 164	| 60	| 58	| 45	| 58	| 54	| 44	| 21	| 21
uf20-0326       | 47	| 133	| 49	| 47	| 21	| 47	| 45	| 21	| 33	| 33
uf20-0327       | 89	| 248	| 96	| 89	| 68	| 88	| 78	| 68	| 43	| 42
uf20-0328       | 22	| 60	| 23	| 22	| 9 	| 21	| 21	| 9 	| 15	| 15
uf20-0329       | 26	| 72	| 28	| 26	| 15	| 26	| 24	| 15	| 16	| 16
uf20-0330       | 21	| 57	| 22	| 21	| 8 	| 20	| 20	| 8 	| 15	| 15
uf20-0331       | 38	| 108	| 42	| 38	| 24	| 38	| 37	| 22	| 26	| 25
uf20-0332       | 24	| 64	| 26	| 24	| 11	| 23	| 22	| 11	| 18	| 17
uf20-0333       | 22	| 60	| 23	| 22	| 13	| 22	| 21	| 13	| 12	| 12
uf20-0334       | 38	| 104	| 41	| 38	| 20	| 38	| 33	| 20	| 29	| 27
uf20-0335       | 58	| 159	| 61	| 58	| 36	| 57	| 52	| 36	| 32	| 31
uf20-0336       | 22	| 60	| 23	| 22	| 9 	| 22	| 21	| 9 	| 16	| 16
uf20-0337       | 32	| 92	| 36	| 32	| 22	| 32	| 31	| 21	| 19	| 19
uf20-0338       | 41	| 111	| 42	| 41	| 24	| 40	| 38	| 24	| 20	| 19
uf20-0339       | 54	| 154	| 58	| 54	| 38	| 54	| 49	| 36	| 29	| 27
uf20-0340       | 55	| 155	| 59	| 55	| 29	| 55	| 51	| 29	| 40	| 37
uf20-0341       | 158	| 453	| 173	| 158	| 122	| 157	| 142	| 114	| 86	| 84
uf20-0342       | 20	| 56	| 23	| 20	| 11	| 19	| 19	| 11	| 15	| 15
uf20-0343       | 21	| 58	| 23	| 21	| 14	| 21	| 20	| 14	| 12	| 12
uf20-0344       | 34	| 96	| 36	| 34	| 22	| 34	| 32	| 22	| 18	| 18
uf20-0345       | 39	| 109	| 40	| 39	| 20	| 38	| 38	| 20	| 22	| 22
uf20-0346       | 53	| 145	| 55	| 53	| 23	| 52	| 48	| 23	| 36	| 36
uf20-0347       | 35	| 97	| 39	| 35	| 24	| 35	| 34	| 22	| 21	| 21
uf20-0348       | 21	| 58	| 23	| 21	| 18	| 21	| 20	| 17	| 8 	| 8
uf20-0349       | 57	| 164	| 61	| 57	| 35	| 57	| 55	| 35	| 30	| 29
uf20-0350       | 36	| 103	| 39	| 36	| 15	| 35	| 34	| 15	| 27	| 26
uf20-0351       | 22	| 61	| 25	| 22	| 17	| 21	| 21	| 16	| 12	| 12
uf20-0352       | 39	| 112	| 42	| 39	| 26	| 39	| 38	| 26	| 20	| 20
uf20-0353       | 53	| 150	| 58	| 53	| 39	| 53	| 49	| 36	| 29	| 29
uf20-0354       | 34	| 96	| 36	| 34	| 18	| 33	| 33	| 18	| 19	| 19
uf20-0355       | 29	| 79	| 31	| 29	| 21	| 29	| 26	| 21	| 15	| 15
uf20-0356       | 35	| 99	| 37	| 35	| 16	| 34	| 34	| 16	| 23	| 23
uf20-0357       | 21	| 58	| 23	| 21	| 13	| 21	| 20	| 12	| 13	| 13
uf20-0358       | 67	| 189	| 73	| 67	| 43	| 66	| 62	| 41	| 39	| 37
uf20-0359       | 101	| 287	| 108	| 101	| 56	| 101	| 94	| 55	| 69	| 66
uf20-0360       | 150	| 408	| 159	| 150	| 94	| 149	| 130	| 89	| 96	| 92
uf20-0361       | 34	| 99	| 39	| 34	| 23	| 34	| 32	| 20	| 24	| 24
uf20-0362       | 55	| 154	| 61	| 55	| 29	| 54	| 47	| 28	| 44	| 41
uf20-0363       | 52	| 147	| 56	| 52	| 38	| 51	| 48	| 37	| 24	| 22
uf20-0364       | 20	| 56	| 23	| 20	| 13	| 20	| 20	| 12	| 13	| 13
uf20-0365       | 68	| 188	| 73	| 68	| 50	| 67	| 59	| 47	| 39	| 39
uf20-0366       | 21	| 58	| 24	| 21	| 13	| 21	| 21	| 12	| 15	| 15
uf20-0367       | 20	| 55	| 22	| 20	| 8 	| 19	| 19	| 8 	| 15	| 15
uf20-0368       | 38	| 104	| 39	| 38	| 22	| 37	| 35	| 22	| 21	| 19
uf20-0369       | 24	| 66	| 26	| 24	| 15	| 24	| 23	| 14	| 15	| 15
uf20-0370       | 30	| 85	| 33	| 30	| 15	| 29	| 29	| 14	| 22	| 22
uf20-0371       | 33	| 93	| 36	| 33	| 20	| 33	| 31	| 20	| 20	| 20
uf20-0372       | 68	| 193	| 71	| 68	| 42	| 67	| 66	| 42	| 36	| 34
uf20-0373       | 69	| 191	| 72	| 69	| 39	| 68	| 65	| 39	| 40	| 39
uf20-0374       | 21	| 58	| 23	| 21	| 12	| 21	| 20	| 12	| 13	| 13
uf20-0375       | 105	| 291	| 111	| 105	| 62	| 104	| 95	| 62	| 68	| 64
uf20-0376       | 27	| 75	| 29	| 27	| 19	| 26	| 25	| 19	| 14	| 14
uf20-0377       | 78	| 220	| 81	| 78	| 50	| 77	| 73	| 49	| 39	| 39
uf20-0378       | 27	| 74	| 29	| 27	| 16	| 26	| 26	| 15	| 17	| 16
uf20-0379       | 21	| 58	| 23	| 21	| 14	| 21	| 20	| 14	| 12	| 12
uf20-0380       | 54	| 153	| 61	| 54	| 24	| 53	| 51	| 23	| 45	| 43
uf20-0381       | 42	| 119	| 45	| 42	| 29	| 42	| 40	| 28	| 21	| 21
uf20-0382       | 58	| 161	| 64	| 58	| 33	| 57	| 50	| 32	| 43	| 39
uf20-0383       | 25	| 69	| 27	| 25	| 14	| 25	| 23	| 14	| 17	| 17
uf20-0384       | 40	| 110	| 43	| 40	| 24	| 40	| 36	| 23	| 27	| 26
uf20-0385       | 20	| 56	| 23	| 20	| 13	| 20	| 19	| 13	| 13	| 13
uf20-0386       | 21	| 58	| 23	| 21	| 16	| 21	| 20	| 15	| 10	| 10
uf20-0387       | 98	| 266	| 104	| 98	| 62	| 98	| 86	| 62	| 63	| 60
uf20-0388       | 24	| 66	| 27	| 24	| 14	| 24	| 23	| 14	| 17	| 16
uf20-0389       | 34	| 97	| 37	| 34	| 16	| 33	| 33	| 16	| 24	| 24
uf20-0390       | 56	| 158	| 58	| 56	| 29	| 56	| 54	| 29	| 34	| 34
uf20-0391       | 63	| 172	| 67	| 63	| 44	| 63	| 55	| 42	| 35	| 34
uf20-0392       | 38	| 103	| 40	| 38	| 22	| 38	| 36	| 22	| 22	| 22
uf20-0393       | 57	| 161	| 60	| 57	| 39	| 56	| 54	| 38	| 26	| 26
uf20-0394       | 39	| 107	| 41	| 39	| 22	| 39	| 37	| 21	| 25	| 24
uf20-0395       | 209	| 583	| 228	| 209	| 178	| 209	| 183	| 168	| 106	| 105
uf20-0396       | 34	| 95	| 36	| 34	| 13	| 33	| 32	| 13	| 26	| 25
uf20-0397       | 26	| 72	| 29	| 26	| 15	| 26	| 23	| 15	| 20	| 20
uf20-0398       | 26	| 72	| 28	| 26	| 18	| 26	| 24	| 17	| 14	| 13
uf20-0399       | 39	| 112	| 42	| 39	| 24	| 38	| 38	| 24	| 19	| 19
uf20-0400       | 24	| 66	| 26	| 24	| 17	| 23	| 22	| 16	| 13	| 13
uf20-0401       | 126	| 350	| 138	| 126	| 100	| 126	| 112	| 98	| 75	| 69
uf20-0402       | 22	| 60	| 23	| 22	| 7 	| 22	| 21	| 7 	| 18	| 18
uf20-0403       | 94	| 260	| 102	| 94	| 64	| 93	| 81	| 63	| 58	| 54
uf20-0404       | 36	| 97	| 40	| 36	| 21	| 36	| 31	| 20	| 27	| 26
uf20-0405       | 78	| 224	| 86	| 78	| 51	| 78	| 74	| 48	| 50	| 45
uf20-0406       | 20	| 56	| 23	| 20	| 10	| 20	| 19	| 10	| 15	| 15
uf20-0407       | 28	| 76	| 30	| 28	| 15	| 28	| 26	| 14	| 20	| 20
uf20-0408       | 30	| 86	| 34	| 30	| 20	| 30	| 28	| 20	| 18	| 18
uf20-0409       | 38	| 104	| 40	| 38	| 24	| 38	| 35	| 24	| 22	| 21
uf20-0410       | 28	| 78	| 30	| 28	| 17	| 27	| 26	| 17	| 17	| 17
uf20-0411       | 21	| 58	| 23	| 21	| 13	| 20	| 20	| 13	| 12	| 12
uf20-0412       | 50	| 142	| 57	| 50	| 35	| 49	| 46	| 33	| 32	| 29
uf20-0413       | 35	| 98	| 39	| 35	| 27	| 35	| 33	| 25	| 20	| 19
uf20-0414       | 21	| 58	| 23	| 21	| 12	| 20	| 20	| 11	| 14	| 14
uf20-0415       | 34	| 95	| 36	| 34	| 20	| 33	| 32	| 20	| 20	| 20
uf20-0416       | 51	| 143	| 57	| 51	| 35	| 51	| 46	| 34	| 34	| 34
uf20-0417       | 76	| 215	| 82	| 76	| 61	| 76	| 70	| 60	| 37	| 37
uf20-0418       | 38	| 109	| 41	| 38	| 28	| 38	| 38	| 28	| 16	| 16
uf20-0419       | 22	| 60	| 23	| 22	| 12	| 21	| 21	| 12	| 13	| 13
uf20-0420       | 21	| 58	| 23	| 21	| 11	| 20	| 20	| 11	| 14	| 14
uf20-0421       | 58	| 152	| 59	| 58	| 35	| 57	| 52	| 35	| 33	| 31
uf20-0422       | 46	| 128	| 48	| 46	| 36	| 46	| 42	| 36	| 18	| 18
uf20-0423       | 20	| 56	| 23	| 20	| 15	| 19	| 19	| 14	| 11	| 11
uf20-0424       | 27	| 75	| 29	| 27	| 10	| 26	| 25	| 10	| 21	| 21
uf20-0425       | 21	| 58	| 23	| 21	| 12	| 20	| 20	| 12	| 13	| 13
uf20-0426       | 57	| 157	| 60	| 57	| 40	| 56	| 51	| 39	| 28	| 28
uf20-0427       | 81	| 233	| 87	| 81	| 45	| 80	| 77	| 42	| 55	| 53
uf20-0428       | 39	| 109	| 41	| 39	| 25	| 39	| 37	| 25	| 19	| 19
uf20-0429       | 62	| 179	| 71	| 62	| 57	| 62	| 56	| 53	| 29	| 28
uf20-0430       | 64	| 180	| 69	| 64	| 27	| 64	| 61	| 27	| 50	| 47
uf20-0431       | 71	| 196	| 77	| 71	| 46	| 71	| 64	| 44	| 46	| 44
uf20-0432       | 32	| 90	| 34	| 32	| 21	| 31	| 31	| 21	| 14	| 14
uf20-0433       | 71	| 194	| 74	| 71	| 44	| 70	| 64	| 43	| 41	| 39
uf20-0434       | 76	| 216	| 80	| 76	| 46	| 75	| 71	| 44	| 41	| 41
uf20-0435       | 24	| 64	| 25	| 24	| 10	| 23	| 22	| 10	| 18	| 17
uf20-0436       | 108	| 301	| 117	| 108	| 69	| 107	| 96	| 64	| 71	| 69
uf20-0437       | 21	| 58	| 23	| 21	| 16	| 21	| 20	| 16	| 9 	| 9
uf20-0438       | 23	| 63	| 25	| 23	| 12	| 22	| 21	| 12	| 15	| 14
uf20-0439       | 75	| 216	| 82	| 75	| 60	| 75	| 71	| 57	| 36	| 35
uf20-0440       | 44	| 123	| 47	| 44	| 19	| 43	| 41	| 19	| 32	| 31
uf20-0441       | 160	| 449	| 173	| 160	| 102	| 160	| 145	| 102	| 101	| 95
uf20-0442       | 24	| 66	| 26	| 24	| 12	| 23	| 22	| 11	| 18	| 17
uf20-0443       | 59	| 165	| 62	| 59	| 29	| 59	| 55	| 29	| 40	| 37
uf20-0444       | 35	| 99	| 37	| 35	| 17	| 34	| 33	| 16	| 24	| 23
uf20-0445       | 102	| 293	| 113	| 102	| 56	| 101	| 93	| 51	| 77	| 71
uf20-0446       | 97	| 268	| 108	| 97	| 68	| 97	| 86	| 65	| 69	| 62
uf20-0447       | 39	| 107	| 40	| 39	| 21	| 38	| 36	| 21	| 21	| 21
uf20-0448       | 35	| 99	| 39	| 35	| 25	| 34	| 32	| 24	| 19	| 19
uf20-0449       | 22	| 60	| 23	| 22	| 11	| 21	| 21	| 11	| 13	| 13
uf20-0450       | 70	| 197	| 75	| 70	| 47	| 69	| 64	| 46	| 40	| 39
uf20-0451       | 58	| 162	| 64	| 58	| 33	| 57	| 53	| 30	| 43	| 41
uf20-0452       | 33	| 94	| 36	| 33	| 16	| 33	| 33	| 15	| 24	| 24
uf20-0453       | 32	| 88	| 34	| 32	| 18	| 31	| 29	| 17	| 21	| 20
uf20-0454       | 41	| 115	| 44	| 41	| 27	| 40	| 37	| 26	| 22	| 21
uf20-0455       | 25	| 69	| 27	| 25	| 17	| 24	| 23	| 17	| 14	| 14
uf20-0456       | 39	| 112	| 42	| 39	| 24	| 38	| 38	| 24	| 20	| 20
uf20-0457       | 38	| 109	| 41	| 38	| 25	| 37	| 36	| 25	| 19	| 18
uf20-0458       | 22	| 60	| 23	| 22	| 14	| 22	| 21	| 14	| 11	| 11
uf20-0459       | 46	| 124	| 49	| 46	| 27	| 46	| 40	| 27	| 30	| 30
uf20-0460       | 56	| 153	| 58	| 56	| 34	| 55	| 53	| 34	| 29	| 29
uf20-0461       | 22	| 60	| 23	| 22	| 15	| 22	| 21	| 15	| 10	| 10
uf20-0462       | 21	| 58	| 23	| 21	| 15	| 21	| 20	| 15	| 11	| 11
uf20-0463       | 20	| 56	| 23	| 20	| 17	| 20	| 19	| 16	| 10	| 10
uf20-0464       | 22	| 60	| 23	| 22	| 7 	| 22	| 21	| 7 	| 18	| 18
uf20-0465       | 22	| 60	| 23	| 22	| 10	| 21	| 21	| 10	| 15	| 15
uf20-0466       | 21	| 58	| 23	| 21	| 12	| 20	| 20	| 12	| 13	| 13
uf20-0467       | 71	| 195	| 73	| 71	| 42	| 71	| 64	| 42	| 39	| 39
uf20-0468       | 20	| 55	| 22	| 20	| 12	| 20	| 19	| 12	| 13	| 13
uf20-0469       | 42	| 116	| 44	| 42	| 25	| 42	| 38	| 25	| 25	| 24
uf20-0470       | 82	| 236	| 88	| 82	| 51	| 82	| 78	| 50	| 49	| 48
uf20-0471       | 52	| 147	| 58	| 52	| 31	| 52	| 47	| 29	| 40	| 38
uf20-0472       | 39	| 109	| 40	| 39	| 28	| 39	| 37	| 28	| 15	| 15
uf20-0473       | 66	| 185	| 74	| 66	| 52	| 66	| 61	| 50	| 37	| 34
uf20-0474       | 22	| 61	| 24	| 22	| 15	| 21	| 20	| 15	| 14	| 14
uf20-0475       | 21	| 58	| 23	| 21	| 12	| 21	| 20	| 12	| 13	| 13
uf20-0476       | 21	| 58	| 23	| 21	| 12	| 21	| 21	| 11	| 14	| 14
uf20-0477       | 22	| 60	| 23	| 22	| 14	| 21	| 21	| 14	| 10	| 10
uf20-0478       | 31	| 83	| 33	| 31	| 20	| 31	| 27	| 19	| 19	| 17
uf20-0479       | 20	| 56	| 23	| 20	| 15	| 20	| 19	| 15	| 11	| 11
uf20-0480       | 58	| 164	| 64	| 58	| 46	| 58	| 54	| 44	| 29	| 28
uf20-0481       | 31	| 87	| 33	| 31	| 14	| 31	| 29	| 14	| 22	| 22
uf20-0482       | 28	| 78	| 33	| 28	| 19	| 28	| 26	| 18	| 21	| 21
uf20-0483       | 127	| 353	| 133	| 127	| 84	| 127	| 115	| 82	| 76	| 71
uf20-0484       | 40	| 114	| 42	| 40	| 18	| 39	| 39	| 18	| 25	| 25
uf20-0485       | 84	| 240	| 94	| 84	| 53	| 84	| 76	| 52	| 58	| 52
uf20-0486       | 51	| 145	| 56	| 51	| 35	| 51	| 46	| 34	| 31	| 30
uf20-0487       | 47	| 126	| 52	| 47	| 35	| 47	| 41	| 34	| 29	| 27
uf20-0488       | 36	| 101	| 38	| 36	| 22	| 35	| 34	| 22	| 20	| 20
uf20-0489       | 36	| 102	| 38	| 36	| 22	| 36	| 34	| 22	| 19	| 19
uf20-0490       | 22	| 60	| 23	| 22	| 15	| 22	| 21	| 15	| 10	| 10
uf20-0491       | 54	| 150	| 56	| 54	| 33	| 53	| 51	| 32	| 28	| 27
uf20-0492       | 65	| 175	| 68	| 65	| 44	| 65	| 58	| 44	| 36	| 36
uf20-0493       | 22	| 60	| 23	| 22	| 14	| 22	| 21	| 14	| 11	| 11
uf20-0494       | 86	| 248	| 91	| 86	| 53	| 85	| 82	| 50	| 48	| 47
uf20-0495       | 24	| 66	| 26	| 24	| 16	| 23	| 22	| 16	| 13	| 13
uf20-0496       | 44	| 124	| 48	| 44	| 29	| 43	| 40	| 27	| 24	| 24
uf20-0497       | 61	| 168	| 67	| 61	| 39	| 60	| 55	| 35	| 41	| 40
uf20-0498       | 38	| 106	| 39	| 38	| 21	| 37	| 36	| 21	| 20	| 20
uf20-0499       | 66	| 188	| 72	| 66	| 55	| 65	| 61	| 52	| 28	| 27
uf20-0500       | 36	| 101	| 38	| 36	| 23	| 35	| 34	| 23	| 18	| 18
uf20-0501       | 59	| 163	| 62	| 59	| 37	| 59	| 54	| 37	| 33	| 33
uf20-0502       | 54	| 148	| 61	| 54	| 48	| 54	| 48	| 47	| 27	| 27
uf20-0503       | 47	| 135	| 52	| 47	| 27	| 46	| 44	| 26	| 34	| 32
uf20-0504       | 22	| 60	| 23	| 22	| 14	| 21	| 21	| 14	| 11	| 11
uf20-0505       | 38	| 107	| 40	| 38	| 22	| 37	| 37	| 21	| 21	| 21
uf20-0506       | 40	| 114	| 44	| 40	| 33	| 40	| 36	| 30	| 19	| 19
uf20-0507       | 78	| 219	| 87	| 78	| 42	| 77	| 68	| 42	| 61	| 55
uf20-0508       | 39	| 107	| 41	| 39	| 15	| 39	| 36	| 15	| 31	| 29
uf20-0509       | 22	| 60	| 24	| 22	| 14	| 21	| 21	| 14	| 12	| 12
uf20-0510       | 66	| 185	| 70	| 66	| 32	| 66	| 60	| 32	| 48	| 47
uf20-0511       | 36	| 102	| 39	| 36	| 23	| 35	| 34	| 22	| 21	| 20
uf20-0512       | 28	| 78	| 31	| 28	| 19	| 27	| 25	| 18	| 16	| 16
uf20-0513       | 41	| 116	| 44	| 41	| 21	| 41	| 38	| 19	| 29	| 29
uf20-0514       | 22	| 60	| 23	| 22	| 13	| 22	| 21	| 13	| 12	| 12
uf20-0515       | 39	| 105	| 43	| 39	| 20	| 39	| 36	| 20	| 31	| 29
uf20-0516       | 89	| 250	| 96	| 89	| 58	| 89	| 82	| 55	| 53	| 52
uf20-0517       | 22	| 60	| 23	| 22	| 15	| 22	| 21	| 15	| 10	| 10
uf20-0518       | 22	| 60	| 23	| 22	| 12	| 22	| 21	| 12	| 13	| 13
uf20-0519       | 22	| 60	| 23	| 22	| 12	| 21	| 21	| 12	| 13	| 13
uf20-0520       | 20	| 55	| 22	| 20	| 14	| 19	| 19	| 14	| 11	| 11
uf20-0521       | 26	| 72	| 28	| 26	| 14	| 26	| 24	| 14	| 18	| 18
uf20-0522       | 51	| 143	| 57	| 51	| 38	| 51	| 47	| 36	| 30	| 28
uf20-0523       | 23	| 63	| 25	| 23	| 16	| 22	| 21	| 15	| 12	| 12
uf20-0524       | 22	| 60	| 23	| 22	| 14	| 22	| 21	| 14	| 11	| 11
uf20-0525       | 93	| 258	| 99	| 93	| 64	| 92	| 84	| 62	| 51	| 50
uf20-0526       | 21	| 58	| 23	| 21	| 15	| 20	| 20	| 14	| 10	| 10
uf20-0527       | 26	| 73	| 29	| 26	| 22	| 26	| 24	| 22	| 12	| 12
uf20-0528       | 22	| 60	| 23	| 22	| 12	| 21	| 21	| 12	| 13	| 13
uf20-0529       | 34	| 96	| 38	| 34	| 26	| 34	| 31	| 24	| 19	| 19
uf20-0530       | 36	| 98	| 38	| 36	| 23	| 36	| 32	| 23	| 20	| 20
uf20-0531       | 84	| 237	| 89	| 84	| 43	| 83	| 78	| 42	| 56	| 55
uf20-0532       | 21	| 58	| 23	| 21	| 7 	| 21	| 20	| 7 	| 19	| 19
uf20-0533       | 27	| 75	| 29	| 27	| 17	| 26	| 25	| 17	| 16	| 15
uf20-0534       | 47	| 131	| 49	| 47	| 28	| 46	| 44	| 28	| 25	| 25
uf20-0535       | 107	| 302	| 118	| 107	| 62	| 106	| 94	| 57	| 84	| 80
uf20-0536       | 22	| 60	| 23	| 22	| 12	| 21	| 21	| 12	| 12	| 12
uf20-0537       | 42	| 116	| 47	| 42	| 28	| 42	| 36	| 28	| 31	| 26
uf20-0538       | 30	| 86	| 33	| 30	| 20	| 29	| 29	| 20	| 18	| 18
uf20-0539       | 54	| 149	| 58	| 54	| 35	| 54	| 49	| 34	| 32	| 32
uf20-0540       | 50	| 143	| 55	| 50	| 35	| 49	| 47	| 34	| 26	| 25
uf20-0541       | 61	| 171	| 63	| 61	| 28	| 60	| 56	| 28	| 41	| 41
uf20-0542       | 21	| 58	| 23	| 21	| 15	| 21	| 20	| 14	| 11	| 11
uf20-0543       | 21	| 58	| 23	| 21	| 16	| 21	| 21	| 16	| 9 	| 9
uf20-0544       | 37	| 105	| 42	| 37	| 28	| 36	| 32	| 26	| 25	| 24
uf20-0545       | 21	| 58	| 23	| 21	| 15	| 21	| 20	| 15	| 10	| 10
uf20-0546       | 23	| 65	| 27	| 23	| 18	| 23	| 22	| 18	| 14	| 14
uf20-0547       | 21	| 57	| 22	| 21	| 15	| 21	| 20	| 15	| 9 	| 9
uf20-0548       | 40	| 111	| 42	| 40	| 23	| 39	| 38	| 22	| 21	| 21
uf20-0549       | 72	| 197	| 77	| 72	| 49	| 71	| 63	| 49	| 41	| 38
uf20-0550       | 22	| 60	| 23	| 22	| 15	| 22	| 21	| 15	| 10	| 10
uf20-0551       | 20	| 56	| 23	| 20	| 13	| 20	| 19	| 13	| 13	| 13
uf20-0552       | 21	| 58	| 23	| 21	| 12	| 21	| 21	| 12	| 14	| 14
uf20-0553       | 21	| 58	| 23	| 21	| 11	| 20	| 20	| 11	| 14	| 14
uf20-0554       | 96	| 264	| 107	| 96	| 75	| 95	| 86	| 71	| 58	| 55
uf20-0555       | 60	| 167	| 64	| 60	| 29	| 60	| 56	| 28	| 45	| 42
uf20-0556       | 34	| 96	| 36	| 34	| 23	| 33	| 32	| 23	| 17	| 16
uf20-0557       | 69	| 193	| 73	| 69	| 42	| 68	| 62	| 42	| 39	| 38
uf20-0558       | 34	| 95	| 38	| 34	| 18	| 34	| 31	| 18	| 26	| 24
uf20-0559       | 69	| 196	| 72	| 69	| 41	| 69	| 66	| 40	| 39	| 37
uf20-0560       | 26	| 72	| 28	| 26	| 16	| 26	| 24	| 16	| 16	| 16
uf20-0561       | 41	| 113	| 44	| 41	| 38	| 41	| 36	| 36	| 14	| 14
uf20-0562       | 32	| 90	| 34	| 32	| 16	| 32	| 31	| 16	| 21	| 21
uf20-0563       | 75	| 207	| 80	| 75	| 47	| 74	| 68	| 45	| 47	| 45
uf20-0564       | 24	| 66	| 26	| 24	| 16	| 24	| 22	| 16	| 14	| 13
uf20-0565       | 30	| 85	| 35	| 30	| 21	| 30	| 28	| 18	| 22	| 22
uf20-0566       | 65	| 184	| 70	| 65	| 30	| 65	| 60	| 27	| 53	| 49
uf20-0567       | 100	| 284	| 114	| 100	| 65	| 99	| 90	| 62	| 72	| 69
uf20-0568       | 36	| 100	| 39	| 36	| 23	| 35	| 34	| 21	| 22	| 22
uf20-0569       | 44	| 120	| 46	| 44	| 24	| 43	| 39	| 24	| 26	| 25
uf20-0570       | 107	| 299	| 111	| 107	| 51	| 106	| 97	| 51	| 73	| 69
uf20-0571       | 51	| 141	| 53	| 51	| 27	| 50	| 46	| 26	| 31	| 30
uf20-0572       | 21	| 58	| 23	| 21	| 12	| 20	| 20	| 12	| 14	| 14
uf20-0573       | 53	| 145	| 55	| 53	| 39	| 53	| 48	| 38	| 23	| 23
uf20-0574       | 21	| 57	| 22	| 21	| 10	| 21	| 20	| 10	| 14	| 14
uf20-0575       | 45	| 124	| 48	| 45	| 31	| 44	| 41	| 31	| 22	| 22
uf20-0576       | 22	| 60	| 23	| 22	| 11	| 21	| 21	| 11	| 14	| 14
uf20-0577       | 86	| 239	| 90	| 86	| 39	| 85	| 78	| 38	| 66	| 60
uf20-0578       | 28	| 77	| 30	| 28	| 18	| 28	| 27	| 18	| 15	| 15
uf20-0579       | 20	| 56	| 23	| 20	| 17	| 20	| 20	| 17	| 10	| 10
uf20-0580       | 35	| 101	| 39	| 35	| 23	| 35	| 34	| 22	| 21	| 21
uf20-0581       | 30	| 84	| 32	| 30	| 23	| 30	| 28	| 23	| 13	| 13
uf20-0582       | 22	| 60	| 23	| 22	| 12	| 22	| 21	| 12	| 13	| 13
uf20-0583       | 20	| 56	| 23	| 20	| 14	| 19	| 19	| 14	| 13	| 13
uf20-0584       | 21	| 58	| 23	| 21	| 10	| 20	| 20	| 10	| 14	| 14
uf20-0585       | 68	| 196	| 74	| 68	| 44	| 68	| 65	| 43	| 41	| 41
uf20-0586       | 22	| 60	| 23	| 22	| 12	| 21	| 21	| 12	| 12	| 12
uf20-0587       | 47	| 131	| 49	| 47	| 25	| 47	| 45	| 25	| 30	| 30
uf20-0588       | 99	| 275	| 107	| 99	| 66	| 98	| 88	| 66	| 62	| 57
uf20-0589       | 38	| 108	| 41	| 38	| 31	| 38	| 35	| 30	| 16	| 16
uf20-0590       | 38	| 106	| 41	| 38	| 18	| 38	| 36	| 18	| 29	| 27
uf20-0591       | 21	| 58	| 23	| 21	| 12	| 21	| 21	| 12	| 13	| 13
uf20-0592       | 54	| 150	| 56	| 54	| 31	| 54	| 50	| 31	| 31	| 31
uf20-0593       | 39	| 108	| 41	| 39	| 19	| 39	| 37	| 19	| 26	| 25
uf20-0594       | 22	| 60	| 23	| 22	| 9 	| 21	| 21	| 9 	| 15	| 15
uf20-0595       | 33	| 93	| 35	| 33	| 24	| 32	| 31	| 24	| 15	| 15
uf20-0596       | 21	| 58	| 23	| 21	| 11	| 21	| 20	| 11	| 14	| 14
uf20-0597       | 21	| 58	| 23	| 21	| 16	| 21	| 20	| 16	| 10	| 10
uf20-0598       | 21	| 57	| 22	| 21	| 12	| 20	| 20	| 12	| 11	| 11
uf20-0599       | 21	| 58	| 23	| 21	| 12	| 20	| 20	| 12	| 13	| 13
uf20-0600       | 22	| 60	| 23	| 22	| 10	| 21	| 21	| 10	| 14	| 14
uf20-0601       | 36	| 101	| 38	| 36	| 20	| 36	| 34	| 20	| 22	| 21
uf20-0602       | 55	| 156	| 63	| 55	| 42	| 55	| 49	| 38	| 39	| 37
uf20-0603       | 79	| 225	| 82	| 79	| 32	| 78	| 75	| 31	| 56	| 54
uf20-0604       | 178	| 515	| 198	| 178	| 107	| 178	| 160	| 100	| 135	| 129
uf20-0605       | 63	| 175	| 65	| 63	| 42	| 63	| 58	| 41	| 30	| 29
uf20-0606       | 22	| 60	| 23	| 22	| 15	| 22	| 21	| 15	| 10	| 10
uf20-0607       | 22	| 60	| 23	| 22	| 14	| 21	| 21	| 14	| 10	| 10
uf20-0608       | 28	| 77	| 30	| 28	| 15	| 27	| 26	| 15	| 18	| 18
uf20-0609       | 39	| 110	| 41	| 39	| 20	| 38	| 38	| 20	| 24	| 24
uf20-0610       | 41	| 116	| 44	| 41	| 27	| 41	| 39	| 27	| 23	| 22
uf20-0611       | 40	| 114	| 42	| 40	| 17	| 39	| 39	| 17	| 26	| 26
uf20-0612       | 21	| 58	| 23	| 21	| 13	| 21	| 20	| 13	| 12	| 12
uf20-0613       | 38	| 104	| 39	| 38	| 20	| 38	| 35	| 20	| 23	| 23
uf20-0614       | 22	| 60	| 23	| 22	| 14	| 22	| 21	| 14	| 11	| 11
uf20-0615       | 28	| 79	| 31	| 28	| 15	| 28	| 26	| 14	| 21	| 21
uf20-0616       | 20	| 55	| 22	| 20	| 11	| 19	| 19	| 11	| 14	| 14
uf20-0617       | 64	| 181	| 68	| 64	| 52	| 63	| 60	| 51	| 24	| 23
uf20-0618       | 21	| 58	| 23	| 21	| 12	| 20	| 20	| 12	| 13	| 13
uf20-0619       | 119	| 323	| 127	| 119	| 91	| 119	| 103	| 87	| 65	| 62
uf20-0620       | 102	| 272	| 108	| 102	| 65	| 102	| 89	| 64	| 68	| 62
uf20-0621       | 30	| 84	| 32	| 30	| 17	| 30	| 29	| 16	| 20	| 20
uf20-0622       | 78	| 219	| 85	| 78	| 60	| 77	| 69	| 57	| 42	| 39
uf20-0623       | 37	| 105	| 39	| 37	| 16	| 37	| 36	| 16	| 25	| 25
uf20-0624       | 57	| 160	| 59	| 57	| 36	| 56	| 54	| 36	| 27	| 27
uf20-0625       | 22	| 60	| 23	| 22	| 14	| 22	| 21	| 14	| 11	| 11
uf20-0626       | 30	| 83	| 33	| 30	| 22	| 30	| 28	| 21	| 17	| 17
uf20-0627       | 57	| 162	| 65	| 57	| 45	| 57	| 53	| 42	| 35	| 33
uf20-0628       | 40	| 112	| 42	| 40	| 26	| 39	| 38	| 26	| 19	| 19
uf20-0629       | 47	| 130	| 52	| 47	| 32	| 47	| 44	| 32	| 29	| 27
uf20-0630       | 22	| 60	| 23	| 22	| 16	| 21	| 21	| 16	| 9 	| 9
uf20-0631       | 22	| 60	| 23	| 22	| 12	| 22	| 21	| 12	| 13	| 13
uf20-0632       | 25	| 70	| 28	| 25	| 18	| 24	| 23	| 16	| 14	| 14
uf20-0633       | 45	| 129	| 51	| 45	| 27	| 45	| 41	| 27	| 31	| 30
uf20-0634       | 88	| 256	| 100	| 88	| 56	| 87	| 83	| 53	| 61	| 57
uf20-0635       | 25	| 69	| 27	| 25	| 14	| 25	| 24	| 14	| 17	| 17
uf20-0636       | 49	| 142	| 53	| 49	| 31	| 48	| 46	| 30	| 27	| 27
uf20-0637       | 35	| 99	| 38	| 35	| 17	| 34	| 32	| 16	| 27	| 26
uf20-0638       | 44	| 124	| 47	| 44	| 19	| 44	| 42	| 19	| 33	| 33
uf20-0639       | 24	| 67	| 27	| 24	| 18	| 24	| 23	| 18	| 14	| 14
uf20-0640       | 76	| 216	| 80	| 76	| 42	| 75	| 72	| 40	| 48	| 46
uf20-0641       | 39	| 109	| 42	| 39	| 23	| 38	| 37	| 22	| 21	| 21
uf20-0642       | 79	| 219	| 83	| 79	| 42	| 79	| 70	| 41	| 58	| 52
uf20-0643       | 67	| 190	| 72	| 67	| 39	| 66	| 62	| 38	| 42	| 40
uf20-0644       | 49	| 140	| 52	| 49	| 31	| 49	| 46	| 30	| 28	| 28
uf20-0645       | 48	| 134	| 50	| 48	| 28	| 47	| 45	| 28	| 28	| 27
uf20-0646       | 38	| 104	| 39	| 38	| 24	| 37	| 35	| 24	| 18	| 18
uf20-0647       | 21	| 58	| 23	| 21	| 12	| 21	| 20	| 12	| 14	| 14
uf20-0648       | 49	| 138	| 52	| 49	| 30	| 48	| 47	| 29	| 28	| 27
uf20-0649       | 75	| 215	| 82	| 75	| 46	| 74	| 71	| 44	| 47	| 45
uf20-0650       | 108	| 306	| 119	| 108	| 68	| 107	| 97	| 65	| 78	| 74
uf20-0651       | 35	| 97	| 38	| 35	| 26	| 34	| 32	| 24	| 19	| 19
uf20-0652       | 21	| 58	| 23	| 21	| 16	| 20	| 20	| 15	| 10	| 10
uf20-0653       | 57	| 164	| 64	| 57	| 29	| 57	| 54	| 28	| 47	| 45
uf20-0654       | 51	| 143	| 54	| 51	| 33	| 51	| 48	| 31	| 30	| 29
uf20-0655       | 70	| 198	| 75	| 70	| 38	| 70	| 63	| 36	| 49	| 47
uf20-0656       | 21	| 58	| 23	| 21	| 11	| 20	| 20	| 11	| 15	| 15
uf20-0657       | 70	| 192	| 75	| 70	| 45	| 69	| 61	| 45	| 42	| 41
uf20-0658       | 33	| 93	| 36	| 33	| 19	| 33	| 30	| 18	| 23	| 22
uf20-0659       | 101	| 275	| 108	| 101	| 70	| 100	| 91	| 68	| 62	| 57
uf20-0660       | 21	| 58	| 23	| 21	| 14	| 20	| 20	| 14	| 12	| 12
uf20-0661       | 29	| 79	| 31	| 29	| 21	| 29	| 26	| 21	| 15	| 15
uf20-0662       | 63	| 183	| 69	| 63	| 36	| 62	| 61	| 33	| 45	| 45
uf20-0663       | 29	| 83	| 33	| 29	| 16	| 28	| 27	| 16	| 20	| 20
uf20-0664       | 22	| 60	| 23	| 22	| 14	| 22	| 21	| 14	| 11	| 11
uf20-0665       | 91	| 239	| 98	| 91	| 63	| 90	| 81	| 59	| 58	| 54
uf20-0666       | 27	| 75	| 29	| 27	| 12	| 27	| 25	| 12	| 20	| 19
uf20-0667       | 39	| 107	| 42	| 39	| 26	| 39	| 37	| 25	| 20	| 20
uf20-0668       | 35	| 99	| 38	| 35	| 19	| 35	| 33	| 19	| 23	| 23
uf20-0669       | 21	| 58	| 23	| 21	| 13	| 21	| 20	| 13	| 12	| 12
uf20-0670       | 21	| 58	| 23	| 21	| 11	| 20	| 20	| 11	| 13	| 13
uf20-0671       | 70	| 193	| 76	| 70	| 40	| 69	| 60	| 38	| 50	| 45
uf20-0672       | 31	| 87	| 33	| 31	| 18	| 30	| 29	| 18	| 18	| 17
uf20-0673       | 76	| 205	| 84	| 76	| 41	| 75	| 62	| 40	| 61	| 58
uf20-0674       | 22	| 60	| 23	| 22	| 10	| 21	| 21	| 10	| 14	| 14
uf20-0675       | 21	| 58	| 23	| 21	| 15	| 21	| 20	| 15	| 11	| 11
uf20-0676       | 51	| 147	| 56	| 51	| 30	| 50	| 49	| 27	| 34	| 34
uf20-0677       | 38	| 105	| 41	| 38	| 24	| 37	| 35	| 23	| 23	| 22
uf20-0678       | 22	| 60	| 23	| 22	| 13	| 22	| 21	| 13	| 12	| 12
uf20-0679       | 56	| 155	| 59	| 56	| 48	| 55	| 53	| 47	| 16	| 16
uf20-0680       | 21	| 58	| 23	| 21	| 16	| 20	| 20	| 15	| 10	| 10
uf20-0681       | 40	| 103	| 43	| 40	| 28	| 40	| 37	| 26	| 25	| 24
uf20-0682       | 42	| 118	| 46	| 42	| 21	| 41	| 38	| 20	| 32	| 31
uf20-0683       | 22	| 60	| 23	| 22	| 14	| 22	| 21	| 14	| 11	| 11
uf20-0684       | 22	| 60	| 23	| 22	| 12	| 21	| 21	| 12	| 12	| 12
uf20-0685       | 34	| 97	| 38	| 34	| 26	| 34	| 32	| 26	| 18	| 18
uf20-0686       | 40	| 114	| 42	| 40	| 19	| 39	| 38	| 18	| 28	| 27
uf20-0687       | 21	| 58	| 23	| 21	| 14	| 21	| 20	| 14	| 12	| 12
uf20-0688       | 39	| 109	| 42	| 39	| 21	| 38	| 37	| 20	| 23	| 23
uf20-0689       | 59	| 163	| 63	| 59	| 39	| 59	| 53	| 37	| 35	| 35
uf20-0690       | 111	| 315	| 121	| 111	| 61	| 110	| 103	| 61	| 75	| 71
uf20-0691       | 22	| 60	| 23	| 22	| 14	| 21	| 21	| 14	| 11	| 11
uf20-0692       | 20	| 56	| 23	| 20	| 15	| 20	| 19	| 15	| 12	| 12
uf20-0693       | 21	| 58	| 23	| 21	| 15	| 21	| 20	| 15	| 11	| 11
uf20-0694       | 21	| 58	| 23	| 21	| 16	| 21	| 20	| 16	| 10	| 10
uf20-0695       | 21	| 57	| 22	| 21	| 17	| 21	| 20	| 17	| 7 	| 7
uf20-0696       | 38	| 105	| 42	| 38	| 25	| 37	| 33	| 25	| 24	| 23
uf20-0697       | 77	| 217	| 83	| 77	| 52	| 77	| 73	| 50	| 47	| 45
uf20-0698       | 22	| 60	| 23	| 22	| 17	| 21	| 21	| 17	| 8 	| 8
uf20-0699       | 40	| 112	| 42	| 40	| 19	| 39	| 37	| 19	| 27	| 27
uf20-0700       | 22	| 60	| 23	| 22	| 14	| 21	| 21	| 14	| 11	| 11
uf20-0701       | 22	| 60	| 23	| 22	| 11	| 21	| 21	| 11	| 13	| 13
uf20-0702       | 110	| 284	| 116	| 110	| 78	| 109	| 94	| 75	| 67	| 62
uf20-0703       | 87	| 238	| 94	| 87	| 55	| 87	| 78	| 55	| 60	| 53
uf20-0704       | 58	| 163	| 61	| 58	| 26	| 57	| 54	| 25	| 39	| 38
uf20-0705       | 21	| 58	| 23	| 21	| 15	| 20	| 20	| 14	| 10	| 10
uf20-0706       | 143	| 402	| 155	| 143	| 101	| 142	| 128	| 96	| 86	| 81
uf20-0707       | 33	| 89	| 35	| 33	| 19	| 33	| 29	| 19	| 22	| 22
uf20-0708       | 22	| 60	| 23	| 22	| 13	| 21	| 21	| 13	| 11	| 11
uf20-0709       | 39	| 110	| 42	| 39	| 26	| 39	| 37	| 24	| 22	| 21
uf20-0710       | 27	| 76	| 30	| 27	| 13	| 26	| 25	| 13	| 20	| 20
uf20-0711       | 26	| 73	| 29	| 26	| 14	| 26	| 24	| 14	| 19	| 19
uf20-0712       | 22	| 60	| 23	| 22	| 14	| 22	| 21	| 14	| 11	| 11
uf20-0713       | 74	| 215	| 82	| 74	| 47	| 74	| 71	| 42	| 47	| 46
uf20-0714       | 82	| 232	| 89	| 82	| 65	| 82	| 74	| 59	| 40	| 39
uf20-0715       | 22	| 60	| 23	| 22	| 12	| 21	| 21	| 12	| 12	| 12
uf20-0716       | 22	| 60	| 23	| 22	| 13	| 22	| 21	| 13	| 12	| 12
uf20-0717       | 21	| 58	| 23	| 21	| 14	| 20	| 20	| 14	| 11	| 11
uf20-0718       | 37	| 103	| 40	| 37	| 20	| 36	| 33	| 20	| 27	| 26
uf20-0719       | 47	| 134	| 50	| 47	| 23	| 47	| 44	| 23	| 33	| 32
uf20-0720       | 36	| 101	| 40	| 36	| 19	| 36	| 33	| 18	| 27	| 26
uf20-0721       | 69	| 188	| 72	| 69	| 44	| 69	| 62	| 43	| 40	| 38
uf20-0722       | 62	| 181	| 69	| 62	| 47	| 61	| 58	| 44	| 34	| 33
uf20-0723       | 20	| 56	| 23	| 20	| 14	| 20	| 19	| 13	| 12	| 12
uf20-0724       | 181	| 519	| 196	| 181	| 146	| 181	| 168	| 139	| 91	| 87
uf20-0725       | 22	| 60	| 23	| 22	| 10	| 21	| 21	| 10	| 14	| 14
uf20-0726       | 49	| 140	| 54	| 49	| 29	| 48	| 47	| 27	| 31	| 31
uf20-0727       | 57	| 167	| 63	| 57	| 43	| 57	| 54	| 40	| 28	| 28
uf20-0728       | 20	| 54	| 21	| 20	| 8 	| 20	| 19	| 8 	| 15	| 15
uf20-0729       | 22	| 60	| 23	| 22	| 12	| 22	| 21	| 12	| 13	| 13
uf20-0730       | 52	| 147	| 57	| 52	| 34	| 52	| 48	| 33	| 33	| 32
uf20-0731       | 20	| 56	| 23	| 20	| 15	| 19	| 19	| 15	| 12	| 12
uf20-0732       | 68	| 186	| 70	| 68	| 39	| 68	| 63	| 39	| 41	| 40
uf20-0733       | 22	| 60	| 23	| 22	| 16	| 21	| 21	| 16	| 9 	| 9
uf20-0734       | 71	| 197	| 79	| 71	| 64	| 71	| 63	| 59	| 37	| 34
uf20-0735       | 22	| 60	| 23	| 22	| 8 	| 21	| 21	| 8 	| 17	| 17
uf20-0736       | 21	| 58	| 23	| 21	| 13	| 21	| 20	| 13	| 13	| 13
uf20-0737       | 38	| 105	| 40	| 38	| 20	| 37	| 36	| 19	| 22	| 22
uf20-0738       | 69	| 196	| 72	| 69	| 36	| 69	| 66	| 36	| 42	| 41
uf20-0739       | 22	| 60	| 24	| 22	| 13	| 21	| 21	| 13	| 14	| 14
uf20-0740       | 21	| 58	| 23	| 21	| 12	| 21	| 20	| 12	| 14	| 14
uf20-0741       | 69	| 194	| 72	| 69	| 38	| 68	| 65	| 37	| 41	| 41
uf20-0742       | 108	| 297	| 112	| 108	| 67	| 107	| 100	| 66	| 60	| 58
uf20-0743       | 20	| 56	| 23	| 20	| 12	| 20	| 19	| 12	| 15	| 15
uf20-0744       | 38	| 102	| 40	| 38	| 28	| 37	| 33	| 28	| 17	| 17
uf20-0745       | 67	| 190	| 71	| 67	| 43	| 66	| 63	| 43	| 34	| 34
uf20-0746       | 42	| 116	| 44	| 42	| 29	| 42	| 39	| 29	| 20	| 20
uf20-0747       | 22	| 63	| 27	| 22	| 17	| 22	| 21	| 14	| 17	| 17
uf20-0748       | 68	| 193	| 75	| 68	| 43	| 67	| 62	| 41	| 43	| 41
uf20-0749       | 28	| 79	| 31	| 28	| 19	| 28	| 27	| 19	| 16	| 16
uf20-0750       | 21	| 58	| 23	| 21	| 16	| 21	| 20	| 15	| 10	| 10
uf20-0751       | 34	| 94	| 36	| 34	| 21	| 34	| 31	| 21	| 20	| 20
uf20-0752       | 42	| 113	| 46	| 42	| 27	| 41	| 37	| 25	| 29	| 26
uf20-0753       | 44	| 123	| 47	| 44	| 25	| 43	| 40	| 25	| 27	| 26
uf20-0754       | 45	| 129	| 48	| 45	| 25	| 45	| 44	| 24	| 30	| 30
uf20-0755       | 22	| 60	| 23	| 22	| 13	| 21	| 21	| 13	| 11	| 11
uf20-0756       | 32	| 94	| 38	| 32	| 21	| 32	| 32	| 20	| 22	| 22
uf20-0757       | 24	| 66	| 26	| 24	| 13	| 24	| 22	| 13	| 18	| 16
uf20-0758       | 87	| 242	| 93	| 87	| 52	| 87	| 81	| 50	| 58	| 54
uf20-0759       | 22	| 60	| 23	| 22	| 11	| 21	| 21	| 11	| 13	| 13
uf20-0760       | 68	| 192	| 71	| 68	| 39	| 68	| 63	| 39	| 42	| 41
uf20-0761       | 57	| 161	| 61	| 57	| 37	| 57	| 51	| 36	| 34	| 33
uf20-0762       | 20	| 56	| 23	| 20	| 13	| 20	| 20	| 13	| 12	| 12
uf20-0763       | 22	| 60	| 23	| 22	| 10	| 22	| 21	| 10	| 15	| 15
uf20-0764       | 22	| 60	| 23	| 22	| 13	| 21	| 21	| 13	| 12	| 12
uf20-0765       | 40	| 110	| 41	| 40	| 25	| 39	| 37	| 25	| 19	| 19
uf20-0766       | 68	| 192	| 72	| 68	| 42	| 68	| 64	| 41	| 38	| 35
uf20-0767       | 93	| 266	| 105	| 93	| 72	| 93	| 88	| 64	| 56	| 55
uf20-0768       | 63	| 176	| 69	| 63	| 41	| 63	| 57	| 40	| 44	| 42
uf20-0769       | 29	| 81	| 31	| 29	| 21	| 28	| 27	| 21	| 12	| 12
uf20-0770       | 28	| 80	| 32	| 28	| 19	| 28	| 26	| 19	| 18	| 17
uf20-0771       | 21	| 58	| 23	| 21	| 14	| 20	| 20	| 14	| 11	| 11
uf20-0772       | 117	| 316	| 126	| 117	| 79	| 116	| 106	| 76	| 73	| 64
uf20-0773       | 51	| 142	| 54	| 51	| 27	| 51	| 48	| 27	| 34	| 32
uf20-0774       | 51	| 139	| 55	| 51	| 32	| 51	| 44	| 32	| 34	| 32
uf20-0775       | 22	| 60	| 23	| 22	| 10	| 22	| 21	| 10	| 15	| 15
uf20-0776       | 90	| 260	| 99	| 90	| 46	| 90	| 85	| 43	| 67	| 64
uf20-0777       | 21	| 58	| 23	| 21	| 14	| 20	| 20	| 14	| 12	| 12
uf20-0778       | 51	| 144	| 54	| 51	| 32	| 50	| 48	| 32	| 26	| 25
uf20-0779       | 48	| 130	| 50	| 48	| 29	| 48	| 43	| 29	| 27	| 27
uf20-0780       | 26	| 74	| 29	| 26	| 15	| 25	| 24	| 15	| 20	| 19
uf20-0781       | 21	| 58	| 23	| 21	| 11	| 20	| 20	| 10	| 15	| 15
uf20-0782       | 22	| 60	| 23	| 22	| 11	| 21	| 21	| 11	| 13	| 13
uf20-0783       | 21	| 58	| 23	| 21	| 16	| 21	| 20	| 16	| 9 	| 9
uf20-0784       | 56	| 158	| 60	| 56	| 35	| 55	| 53	| 33	| 31	| 30
uf20-0785       | 66	| 187	| 72	| 66	| 44	| 65	| 61	| 44	| 40	| 39
uf20-0786       | 65	| 175	| 71	| 65	| 46	| 64	| 56	| 45	| 44	| 38
uf20-0787       | 170	| 482	| 178	| 170	| 93	| 169	| 156	| 92	| 115	| 106
uf20-0788       | 42	| 119	| 48	| 42	| 32	| 41	| 38	| 30	| 26	| 25
uf20-0789       | 33	| 93	| 35	| 33	| 24	| 32	| 31	| 23	| 15	| 15
uf20-0790       | 46	| 132	| 50	| 46	| 28	| 46	| 45	| 28	| 28	| 28
uf20-0791       | 22	| 60	| 23	| 22	| 12	| 21	| 21	| 12	| 12	| 12
uf20-0792       | 99	| 277	| 109	| 99	| 64	| 99	| 89	| 61	| 65	| 62
uf20-0793       | 38	| 107	| 41	| 38	| 24	| 37	| 35	| 24	| 21	| 20
uf20-0794       | 21	| 58	| 23	| 21	| 14	| 20	| 20	| 14	| 11	| 11
uf20-0795       | 58	| 156	| 61	| 58	| 40	| 57	| 52	| 39	| 30	| 29
uf20-0796       | 22	| 60	| 23	| 22	| 12	| 22	| 21	| 12	| 13	| 13
uf20-0797       | 67	| 189	| 73	| 67	| 43	| 66	| 60	| 42	| 41	| 41
uf20-0798       | 21	| 58	| 23	| 21	| 16	| 21	| 20	| 16	| 10	| 10
uf20-0799       | 38	| 106	| 39	| 38	| 22	| 37	| 36	| 22	| 20	| 20
uf20-0800       | 19	| 54	| 23	| 19	| 16	| 19	| 19	| 15	| 11	| 11
uf20-0801       | 46	| 128	| 50	| 46	| 31	| 45	| 42	| 28	| 26	| 25
uf20-0802       | 35	| 99	| 38	| 35	| 22	| 35	| 33	| 21	| 21	| 21
uf20-0803       | 93	| 260	| 100	| 93	| 64	| 92	| 85	| 64	| 51	| 49
uf20-0804       | 96	| 278	| 108	| 96	| 61	| 96	| 89	| 61	| 65	| 61
uf20-0805       | 34	| 96	| 38	| 34	| 31	| 34	| 30	| 30	| 15	| 15
uf20-0806       | 21	| 58	| 23	| 21	| 15	| 21	| 20	| 15	| 11	| 11
uf20-0807       | 56	| 154	| 58	| 56	| 39	| 55	| 51	| 38	| 27	| 26
uf20-0808       | 22	| 60	| 23	| 22	| 11	| 22	| 21	| 11	| 14	| 14
uf20-0809       | 77	| 209	| 83	| 77	| 43	| 76	| 65	| 43	| 56	| 52
uf20-0810       | 69	| 200	| 76	| 69	| 41	| 68	| 67	| 41	| 41	| 40
uf20-0811       | 58	| 161	| 62	| 58	| 32	| 57	| 52	| 30	| 39	| 37
uf20-0812       | 22	| 60	| 23	| 22	| 14	| 21	| 21	| 14	| 11	| 11
uf20-0813       | 167	| 466	| 174	| 167	| 97	| 166	| 152	| 96	| 102	| 91
uf20-0814       | 69	| 196	| 74	| 69	| 39	| 69	| 66	| 36	| 48	| 46
uf20-0815       | 22	| 60	| 23	| 22	| 13	| 22	| 21	| 13	| 12	| 12
uf20-0816       | 47	| 136	| 51	| 47	| 27	| 47	| 45	| 27	| 29	| 28
uf20-0817       | 56	| 159	| 60	| 56	| 34	| 56	| 52	| 33	| 32	| 32
uf20-0818       | 28	| 78	| 30	| 28	| 14	| 27	| 26	| 14	| 20	| 19
uf20-0819       | 122	| 347	| 133	| 122	| 78	| 121	| 112	| 74	| 81	| 78
uf20-0820       | 112	| 305	| 119	| 112	| 75	| 111	| 100	| 72	| 68	| 61
uf20-0821       | 73	| 209	| 79	| 73	| 41	| 73	| 68	| 40	| 49	| 48
uf20-0822       | 88	| 246	| 93	| 88	| 42	| 88	| 82	| 40	| 66	| 62
uf20-0823       | 27	| 75	| 29	| 27	| 17	| 27	| 25	| 16	| 16	| 16
uf20-0824       | 71	| 202	| 76	| 71	| 48	| 71	| 66	| 44	| 40	| 36
uf20-0825       | 37	| 106	| 40	| 37	| 20	| 37	| 36	| 20	| 24	| 23
uf20-0826       | 22	| 60	| 23	| 22	| 13	| 22	| 21	| 13	| 12	| 12
uf20-0827       | 22	| 60	| 23	| 22	| 12	| 22	| 21	| 12	| 13	| 13
uf20-0828       | 62	| 173	| 67	| 62	| 37	| 61	| 59	| 36	| 39	| 37
uf20-0829       | 20	| 56	| 23	| 20	| 13	| 19	| 19	| 13	| 13	| 13
uf20-0830       | 21	| 58	| 23	| 21	| 11	| 20	| 20	| 11	| 15	| 15
uf20-0831       | 38	| 106	| 39	| 38	| 25	| 38	| 36	| 25	| 17	| 17
uf20-0832       | 78	| 219	| 82	| 78	| 35	| 78	| 73	| 35	| 56	| 54
uf20-0833       | 37	| 105	| 40	| 37	| 22	| 36	| 36	| 22	| 20	| 20
uf20-0834       | 42	| 118	| 44	| 42	| 19	| 41	| 39	| 19	| 29	| 29
uf20-0835       | 67	| 189	| 73	| 67	| 46	| 66	| 63	| 45	| 41	| 39
uf20-0836       | 31	| 84	| 33	| 31	| 21	| 31	| 29	| 20	| 17	| 17
uf20-0837       | 22	| 60	| 23	| 22	| 15	| 21	| 21	| 15	| 10	| 10
uf20-0838       | 102	| 297	| 113	| 102	| 58	| 102	| 94	| 57	| 74	| 72
uf20-0839       | 33	| 93	| 36	| 33	| 23	| 33	| 32	| 22	| 18	| 17
uf20-0840       | 22	| 60	| 23	| 22	| 13	| 22	| 21	| 13	| 12	| 12
uf20-0841       | 31	| 87	| 33	| 31	| 24	| 30	| 29	| 24	| 13	| 13
uf20-0842       | 22	| 60	| 23	| 22	| 12	| 22	| 21	| 12	| 13	| 13
uf20-0843       | 62	| 166	| 65	| 62	| 34	| 62	| 55	| 33	| 43	| 41
uf20-0844       | 75	| 214	| 81	| 75	| 45	| 74	| 69	| 45	| 46	| 44
uf20-0845       | 58	| 165	| 61	| 58	| 30	| 58	| 55	| 30	| 36	| 35
uf20-0846       | 117	| 337	| 128	| 117	| 94	| 116	| 109	| 90	| 55	| 53
uf20-0847       | 41	| 115	| 44	| 41	| 23	| 40	| 38	| 23	| 24	| 23
uf20-0848       | 25	| 67	| 26	| 25	| 13	| 24	| 23	| 13	| 15	| 14
uf20-0849       | 22	| 60	| 23	| 22	| 11	| 22	| 21	| 11	| 14	| 14
uf20-0850       | 45	| 123	| 47	| 45	| 24	| 45	| 42	| 23	| 30	| 28
uf20-0851       | 36	| 102	| 39	| 36	| 18	| 35	| 33	| 18	| 26	| 25
uf20-0852       | 40	| 109	| 44	| 40	| 18	| 40	| 37	| 18	| 34	| 32
uf20-0853       | 21	| 58	| 23	| 21	| 15	| 21	| 20	| 15	| 10	| 10
uf20-0854       | 54	| 151	| 58	| 54	| 31	| 53	| 50	| 30	| 32	| 31
uf20-0855       | 21	| 58	| 23	| 21	| 14	| 20	| 20	| 14	| 11	| 11
uf20-0856       | 197	| 514	| 213	| 197	| 140	| 197	| 167	| 138	| 136	| 128
uf20-0857       | 34	| 96	| 37	| 34	| 17	| 33	| 32	| 17	| 23	| 23
uf20-0858       | 22	| 60	| 23	| 22	| 14	| 22	| 21	| 14	| 11	| 11
uf20-0859       | 46	| 131	| 50	| 46	| 33	| 46	| 43	| 31	| 24	| 23
uf20-0860       | 95	| 270	| 106	| 95	| 57	| 95	| 87	| 55	| 67	| 63
uf20-0861       | 62	| 174	| 67	| 62	| 34	| 61	| 57	| 34	| 40	| 38
uf20-0862       | 80	| 222	| 85	| 80	| 43	| 80	| 74	| 42	| 53	| 52
uf20-0863       | 31	| 85	| 33	| 31	| 15	| 30	| 28	| 15	| 22	| 21
uf20-0864       | 60	| 170	| 63	| 60	| 39	| 60	| 56	| 39	| 30	| 30
uf20-0865       | 30	| 86	| 34	| 30	| 16	| 29	| 28	| 15	| 22	| 22
uf20-0866       | 28	| 78	| 32	| 28	| 19	| 28	| 26	| 17	| 19	| 19
uf20-0867       | 22	| 60	| 23	| 22	| 13	| 21	| 21	| 13	| 12	| 12
uf20-0868       | 125	| 347	| 139	| 125	| 71	| 124	| 110	| 71	| 92	| 84
uf20-0869       | 30	| 80	| 31	| 30	| 13	| 29	| 27	| 13	| 20	| 20
uf20-0870       | 48	| 138	| 53	| 48	| 37	| 48	| 46	| 34	| 25	| 25
uf20-0871       | 26	| 73	| 29	| 26	| 19	| 25	| 23	| 18	| 16	| 14
uf20-0872       | 77	| 213	| 82	| 77	| 40	| 76	| 69	| 40	| 53	| 49
uf20-0873       | 22	| 60	| 23	| 22	| 18	| 22	| 21	| 18	| 7 	| 7
uf20-0874       | 88	| 243	| 95	| 88	| 69	| 88	| 79	| 66	| 47	| 45
uf20-0875       | 31	| 85	| 33	| 31	| 20	| 30	| 28	| 20	| 17	| 17
uf20-0876       | 59	| 167	| 63	| 59	| 30	| 58	| 55	| 29	| 41	| 39
uf20-0877       | 21	| 58	| 23	| 21	| 13	| 21	| 20	| 13	| 13	| 13
uf20-0878       | 65	| 192	| 75	| 65	| 39	| 64	| 61	| 38	| 50	| 48
uf20-0879       | 23	| 63	| 25	| 23	| 13	| 23	| 21	| 13	| 15	| 15
uf20-0880       | 31	| 89	| 36	| 31	| 20	| 30	| 29	| 19	| 21	| 21
uf20-0881       | 22	| 60	| 23	| 22	| 18	| 22	| 21	| 18	| 7 	| 7
uf20-0882       | 48	| 138	| 52	| 48	| 31	| 47	| 44	| 31	| 29	| 28
uf20-0883       | 22	| 60	| 23	| 22	| 13	| 21	| 21	| 13	| 11	| 11
uf20-0884       | 23	| 63	| 25	| 23	| 13	| 23	| 21	| 13	| 15	| 14
uf20-0885       | 50	| 141	| 53	| 50	| 30	| 50	| 46	| 30	| 30	| 29
uf20-0886       | 30	| 84	| 32	| 30	| 19	| 30	| 28	| 18	| 17	| 17
uf20-0887       | 22	| 60	| 23	| 22	| 12	| 22	| 21	| 12	| 13	| 13
uf20-0888       | 29	| 82	| 33	| 29	| 19	| 29	| 27	| 18	| 20	| 20
uf20-0889       | 28	| 79	| 32	| 28	| 19	| 28	| 26	| 18	| 18	| 17
uf20-0890       | 38	| 106	| 41	| 38	| 20	| 37	| 35	| 20	| 24	| 24
uf20-0891       | 24	| 64	| 25	| 24	| 13	| 23	| 22	| 13	| 14	| 13
uf20-0892       | 25	| 70	| 29	| 25	| 15	| 24	| 24	| 14	| 19	| 19
uf20-0893       | 22	| 60	| 23	| 22	| 10	| 21	| 21	| 10	| 15	| 15
uf20-0894       | 25	| 69	| 27	| 25	| 15	| 25	| 23	| 15	| 15	| 15
uf20-0895       | 34	| 90	| 36	| 34	| 15	| 33	| 29	| 15	| 28	| 25
uf20-0896       | 22	| 60	| 23	| 22	| 8 	| 21	| 21	| 8 	| 16	| 16
uf20-0897       | 34	| 96	| 38	| 34	| 25	| 33	| 32	| 25	| 19	| 19
uf20-0898       | 35	| 100	| 38	| 35	| 21	| 34	| 33	| 20	| 22	| 22
uf20-0899       | 41	| 117	| 47	| 41	| 35	| 41	| 37	| 33	| 24	| 24
uf20-0900       | 98	| 274	| 107	| 98	| 69	| 97	| 86	| 69	| 56	| 56
uf20-0901       | 21	| 58	| 23	| 21	| 16	| 21	| 20	| 16	| 10	| 10
uf20-0902       | 43	| 114	| 45	| 43	| 25	| 42	| 37	| 25	| 26	| 26
uf20-0903       | 20	| 56	| 23	| 20	| 14	| 20	| 19	| 14	| 11	| 11
uf20-0904       | 36	| 103	| 39	| 36	| 22	| 36	| 35	| 21	| 22	| 22
uf20-0905       | 95	| 265	| 99	| 95	| 59	| 95	| 87	| 57	| 55	| 51
uf20-0906       | 39	| 109	| 42	| 39	| 22	| 38	| 37	| 21	| 24	| 24
uf20-0907       | 47	| 137	| 55	| 47	| 28	| 47	| 43	| 28	| 38	| 38
uf20-0908       | 21	| 58	| 23	| 21	| 9 	| 20	| 20	| 9 	| 15	| 15
uf20-0909       | 34	| 96	| 39	| 34	| 25	| 34	| 31	| 24	| 23	| 21
uf20-0910       | 86	| 243	| 90	| 86	| 56	| 86	| 82	| 56	| 45	| 45
uf20-0911       | 102	| 291	| 112	| 102	| 83	| 102	| 93	| 76	| 53	| 51
uf20-0912       | 34	| 96	| 36	| 34	| 19	| 33	| 32	| 19	| 21	| 21
uf20-0913       | 50	| 137	| 54	| 50	| 33	| 50	| 45	| 33	| 31	| 31
uf20-0914       | 21	| 58	| 23	| 21	| 14	| 21	| 20	| 14	| 12	| 12
uf20-0915       | 34	| 98	| 38	| 34	| 21	| 33	| 32	| 20	| 22	| 21
uf20-0916       | 32	| 92	| 36	| 32	| 25	| 31	| 30	| 24	| 17	| 16
uf20-0917       | 37	| 101	| 40	| 37	| 18	| 37	| 33	| 16	| 30	| 28
uf20-0918       | 22	| 60	| 24	| 22	| 12	| 22	| 21	| 11	| 16	| 16
uf20-0919       | 38	| 106	| 41	| 38	| 27	| 37	| 35	| 26	| 19	| 19
uf20-0920       | 87	| 244	| 90	| 87	| 58	| 86	| 81	| 57	| 40	| 39
uf20-0921       | 54	| 152	| 57	| 54	| 38	| 54	| 52	| 37	| 25	| 25
uf20-0922       | 20	| 56	| 23	| 20	| 16	| 20	| 19	| 15	| 10	| 10
uf20-0923       | 70	| 187	| 74	| 70	| 49	| 69	| 60	| 47	| 38	| 37
uf20-0924       | 22	| 60	| 23	| 22	| 16	| 22	| 21	| 16	| 9 	| 9
uf20-0925       | 79	| 222	| 84	| 79	| 45	| 79	| 72	| 45	| 53	| 51
uf20-0926       | 30	| 83	| 32	| 30	| 18	| 30	| 28	| 18	| 17	| 17
uf20-0927       | 28	| 80	| 32	| 28	| 19	| 28	| 27	| 19	| 17	| 17
uf20-0928       | 21	| 58	| 23	| 21	| 12	| 21	| 20	| 12	| 14	| 14
uf20-0929       | 20	| 56	| 23	| 20	| 13	| 20	| 19	| 13	| 14	| 14
uf20-0930       | 21	| 58	| 23	| 21	| 12	| 21	| 20	| 12	| 13	| 13
uf20-0931       | 37	| 106	| 40	| 37	| 29	| 36	| 35	| 28	| 16	| 16
uf20-0932       | 157	| 430	| 166	| 157	| 99	| 157	| 140	| 96	| 101	| 96
uf20-0933       | 37	| 105	| 40	| 37	| 21	| 37	| 36	| 20	| 24	| 23
uf20-0934       | 65	| 188	| 68	| 65	| 43	| 65	| 63	| 43	| 31	| 31
uf20-0935       | 57	| 157	| 60	| 57	| 41	| 56	| 52	| 39	| 27	| 25
uf20-0936       | 22	| 60	| 23	| 22	| 14	| 21	| 21	| 14	| 11	| 11
uf20-0937       | 22	| 60	| 23	| 22	| 12	| 22	| 21	| 12	| 13	| 13
uf20-0938       | 22	| 60	| 23	| 22	| 17	| 22	| 21	| 17	| 8 	| 8
uf20-0939       | 30	| 81	| 32	| 30	| 18	| 29	| 27	| 18	| 17	| 17
uf20-0940       | 44	| 127	| 49	| 44	| 31	| 43	| 41	| 29	| 28	| 28
uf20-0941       | 56	| 153	| 61	| 56	| 31	| 56	| 49	| 30	| 43	| 40
uf20-0942       | 117	| 322	| 121	| 117	| 72	| 116	| 105	| 70	| 65	| 62
uf20-0943       | 22	| 60	| 23	| 22	| 11	| 21	| 21	| 11	| 13	| 13
uf20-0944       | 25	| 67	| 26	| 25	| 13	| 24	| 23	| 13	| 16	| 16
uf20-0945       | 21	| 58	| 23	| 21	| 12	| 21	| 20	| 12	| 14	| 14
uf20-0946       | 49	| 139	| 53	| 49	| 30	| 49	| 45	| 28	| 32	| 30
uf20-0947       | 87	| 246	| 92	| 87	| 46	| 87	| 81	| 45	| 59	| 58
uf20-0948       | 21	| 58	| 23	| 21	| 16	| 20	| 20	| 16	| 10	| 10
uf20-0949       | 47	| 134	| 50	| 47	| 26	| 46	| 44	| 26	| 29	| 27
uf20-0950       | 22	| 60	| 23	| 22	| 13	| 22	| 21	| 13	| 12	| 12
uf20-0951       | 124	| 339	| 128	| 124	| 65	| 123	| 111	| 65	| 81	| 72
uf20-0952       | 52	| 144	| 54	| 52	| 31	| 51	| 47	| 31	| 27	| 27
uf20-0953       | 59	| 165	| 63	| 59	| 36	| 58	| 53	| 34	| 39	| 38
uf20-0954       | 22	| 60	| 23	| 22	| 14	| 22	| 21	| 14	| 11	| 11
uf20-0955       | 89	| 253	| 97	| 89	| 46	| 89	| 83	| 45	| 69	| 64
uf20-0956       | 23	| 63	| 25	| 23	| 15	| 23	| 21	| 15	| 13	| 13
uf20-0957       | 39	| 109	| 42	| 39	| 22	| 39	| 37	| 20	| 26	| 25
uf20-0958       | 33	| 93	| 36	| 33	| 15	| 33	| 31	| 15	| 26	| 26
uf20-0959       | 57	| 160	| 59	| 57	| 34	| 56	| 54	| 33	| 29	| 29
uf20-0960       | 22	| 60	| 23	| 22	| 12	| 21	| 21	| 12	| 13	| 13
uf20-0961       | 46	| 128	| 49	| 46	| 25	| 45	| 43	| 25	| 29	| 28
uf20-0962       | 22	| 60	| 23	| 22	| 10	| 22	| 21	| 10	| 15	| 15
uf20-0963       | 38	| 110	| 43	| 38	| 21	| 38	| 36	| 20	| 28	| 27
uf20-0964       | 102	| 283	| 111	| 102	| 61	| 102	| 92	| 58	| 73	| 64
uf20-0965       | 128	| 350	| 141	| 128	| 93	| 128	| 112	| 89	| 85	| 78
uf20-0966       | 72	| 200	| 75	| 72	| 46	| 71	| 63	| 46	| 40	| 36
uf20-0967       | 43	| 121	| 46	| 43	| 34	| 43	| 39	| 32	| 19	| 19
uf20-0968       | 44	| 127	| 48	| 44	| 22	| 44	| 42	| 21	| 31	| 30
uf20-0969       | 23	| 63	| 26	| 23	| 16	| 23	| 21	| 16	| 15	| 15
uf20-0970       | 56	| 162	| 64	| 56	| 32	| 56	| 53	| 32	| 43	| 41
uf20-0971       | 22	| 60	| 23	| 22	| 15	| 22	| 21	| 15	| 10	| 10
uf20-0972       | 22	| 60	| 23	| 22	| 10	| 22	| 21	| 10	| 15	| 15
uf20-0973       | 21	| 58	| 23	| 21	| 14	| 21	| 20	| 14	| 12	| 12
uf20-0974       | 22	| 59	| 24	| 22	| 12	| 22	| 20	| 12	| 16	| 16
uf20-0975       | 30	| 88	| 36	| 30	| 23	| 30	| 29	| 22	| 20	| 20
uf20-0976       | 21	| 58	| 23	| 21	| 11	| 21	| 20	| 11	| 14	| 14
uf20-0977       | 21	| 57	| 22	| 21	| 11	| 20	| 20	| 11	| 12	| 12
uf20-0978       | 22	| 60	| 23	| 22	| 13	| 22	| 21	| 13	| 12	| 12
uf20-0979       | 22	| 60	| 23	| 22	| 14	| 21	| 21	| 14	| 10	| 10
uf20-0980       | 22	| 60	| 23	| 22	| 9 	| 21	| 21	| 9 	| 15	| 15
uf20-0981       | 42	| 119	| 45	| 42	| 26	| 41	| 39	| 26	| 24	| 24
uf20-0982       | 30	| 83	| 32	| 30	| 16	| 30	| 28	| 16	| 19	| 19
uf20-0983       | 47	| 131	| 49	| 47	| 20	| 46	| 44	| 20	| 33	| 32
uf20-0984       | 22	| 60	| 23	| 22	| 11	| 21	| 21	| 11	| 14	| 14
uf20-0985       | 21	| 58	| 23	| 21	| 13	| 21	| 21	| 13	| 13	| 13
uf20-0986       | 41	| 118	| 45	| 41	| 19	| 40	| 39	| 18	| 31	| 30
uf20-0987       | 61	| 172	| 66	| 61	| 40	| 61	| 57	| 39	| 37	| 35
uf20-0988       | 91	| 245	| 94	| 91	| 67	| 90	| 82	| 66	| 42	| 41
uf20-0989       | 36	| 100	| 39	| 36	| 21	| 35	| 33	| 20	| 22	| 22
uf20-0990       | 35	| 98	| 38	| 35	| 26	| 35	| 33	| 26	| 17	| 17
uf20-0991       | 96	| 269	| 102	| 96	| 58	| 96	| 91	| 55	| 59	| 55
uf20-0992       | 20	| 56	| 23	| 20	| 10	| 19	| 19	| 10	| 15	| 15
uf20-0993       | 21	| 58	| 23	| 21	| 13	| 21	| 20	| 12	| 13	| 13
uf20-0994       | 34	| 99	| 38	| 34	| 23	| 33	| 31	| 22	| 23	| 23
uf20-0995       | 28	| 78	| 30	| 28	| 19	| 27	| 26	| 19	| 13	| 13
uf20-0996       | 30	| 82	| 32	| 30	| 17	| 30	| 29	| 17	| 20	| 19
uf20-0997       | 46	| 129	| 50	| 46	| 31	| 45	| 41	| 29	| 25	| 24
uf20-0998       | 41	| 110	| 44	| 41	| 32	| 40	| 37	| 31	| 19	| 18
uf20-0999       | 86	| 240	| 91	| 86	| 48	| 85	| 80	| 47	| 54	| 52
uf20-01000      | 22	| 60	| 23	| 22	| 11	| 21	| 21	| 11	| 14	| 14
